-0.603829
0.160102
-0
0
-0
0
-0
0
-0
0
-0
0
-0
0
-0
0
-0
0
-0
0
-0
0
-0
0
-0
0
-0
0
-0
0
-0
0
-0
0
-0
0
-0
0
-0
0
-0
0
-0
0
-0
0
-0
0
-0
0
-0
0
-0
0
-0
0
-0
0
-0
0
-0
0
-0
0
-0
0
-0
0
-0
0
-0
0
-0
0
-0
0
-0
0
-0
0
-0
0
-0
0
-0
0
-0
0
-0
0
-0
0
-0
0
-0
0
-0
0
-0
0
-0
0
-0
0
-0
0
-0
0
-0
0
-0
0
-0
0
-0
0
-0
0
-0
0
-0
0
-0
0
-0
0
-0
0
-0
0
-0
0
-0
0
-0
0
-0
0
-0
0
-0
0
-0
0
-0
0
-0
0
-0
0
-0
0
-0
0
-0
0
-0
0
-0
0
-0
0
-0
0
-0
0
-0
0
-0
0
-0
0
-0
0
-0
0
-0
0
-0
0
-0
0
-0
0
-0
0
-0
0
-0
0
-0
0
-0
0
-0
0
-0
0
-0
0
-0
0
-0
0
-0
0
-0
0
-0
0
-0
0
-0
0
-0
0
-0
0
-0
0
-0
0
-0
0
-0
0
-0
0
-0
0
-0
0
-0
0
-0
0
-0
0
-0
0
-0
0
-0
0
-0
0
-0
0
-0
0
-0
0
-0
0
-0
0
-0
0
-0
0
-0
0
-0
0
-0
0
-0
0
-0
0
-0
0
-0
0
-0
0
-0
0
-0
0
-0
0
-0
0
-0
0
-0
0
-0
0
-0
0
-0
0
-0
0
-0
0
-0
0
-0
0
-0
0
-0
0
-0
0
-0
0
-0
0
-0
0
-0
0
-0
0
-0
0
-0
0
-0
0
-0
0
-0
0
-0
0
-0
0
-0
0
-0
0
-0
0
-0
0
-0
0
-0
0
-0
0
-0
0
-0
0
-0
0
-0
0
-0
0
-0
0
-0
0
-0
0
-0
0
-0
0
-0
0
-0
0
-0
0
-0
0
-0
0
-0
0
-0
0
-0
0
-0
0
-0
0
-0
0
-0
0
-0
0
-0
0
-0
0
-0
0
-0
0
-0
0
-0
0
-0
0
-0
0
-0
0
-0
0
-0
0
-0
0
-0
0
-0
0
-0
0
-0
0
-0
0
-0
0
-0
0
-0
0
-0
0
-0
0
-0
0
-0
0
-0
0
-0
0
-0
0
-0
0
-0
0
-0
0
-0
0
-0
0
-0
0
-0
0
-0
0
-0
0
-0
0
-0
0
-0
0
-0
0
-0
0
-0
0
-0
0
-0
0
-0
0
-0
0
-0
0
-0
0
-0
0
-0
0
-0
0
-0
0
-0
0
-0
0
-0
0
-0
0
-0.00333573
-0.0125808
0.00624149
0.0775715
0.0322449
-0.242295
-0.138428
0.724309
