0.442288
-0.258262
-0.594912
-0.0102119
0.320195
0.0366506
-0.0947443
0.00102241
0.020016
-0.00301349
-0.00201421
0.000534058
-2.37649e-20
-9.309e-18
6.72052e-18
1.10573e-17
-1.12706e-17
-7.82658e-18
7.2235e-18
7.58942e-19
2.9409e-18
6.66276e-18
-2.29038e-18
5.09575e-18
1.95156e-18
-5.42101e-18
5.96311e-18
5.63785e-18
-1.30104e-18
-8.67362e-19
8.23994e-18
1.04083e-17
1.08744e-18
-3.50775e-18
-7.29884e-19
3.18045e-19
-1.51912e-17
-6.04291e-18
5.83268e-18
4.57395e-18
-1.77338e-18
-1.34981e-17
-1.09217e-17
-2.48014e-18
-3.11484e-18
2.88738e-18
1.36231e-17
1.25206e-17
-1.25767e-17
-4.33681e-18
7.80626e-18
-6.07153e-18
-4.33681e-18
4.33681e-19
-6.93889e-18
-6.93889e-18
-1.38778e-17
-3.46945e-18
6.93889e-18
2.77556e-17
2.77556e-17
0
0
2.77556e-17
-3.56358e-17
-2.37074e-17
9.91566e-18
2.2902e-18
7.4778e-18
8.23968e-19
8.83617e-18
4.54016e-19
-6.28819e-18
-7.16562e-19
8.81571e-18
2.9424e-18
-1.35932e-17
3.44032e-18
8.80552e-18
4.328e-18
-6.28805e-19
-9.4875e-18
-2.43514e-17
2.31026e-19
1.33258e-17
-3.07074e-18
-8.29262e-18
-2.50005e-18
5.9182e-18
1.24969e-17
1.90798e-18
-7.45601e-18
-5.04259e-18
5.43642e-18
4.30599e-18
-1.68391e-17
-1.02283e-18
4.81735e-18
-5.91109e-18
1.88236e-18
1.11748e-17
4.37251e-18
-1.41829e-18
-3.02489e-18
-4.8776e-18
2.15164e-18
1.42797e-17
1.82693e-18
-8.87678e-18
-5.30998e-18
8.65224e-18
-7.72302e-18
-8.35174e-18
6.49166e-18
1.7808e-17
-1.13841e-18
-1.97325e-17
5.42101e-18
6.72205e-18
-1.51788e-17
-2.60209e-18
9.75782e-18
6.93889e-18
-5.20417e-18
-1.38778e-17
3.46945e-18
8.67362e-19
-1.73472e-17
-1.59107e-17
-2.71051e-19
2.1684e-18
2.9409e-18
-1.04083e-17
-5.3668e-18
9.48677e-18
6.03596e-18
-5.38035e-18
1.42302e-18
4.24448e-18
6.12235e-18
3.64744e-18
-3.46395e-18
4.78245e-19
4.17022e-18
4.6248e-19
3.87602e-18
2.15485e-18
-7.86047e-19
-3.998e-18
-1.76691e-18
-6.6814e-18
7.58942e-19
3.46945e-18
-8.99888e-18
-7.91468e-18
-5.20417e-18
1.25767e-17
9.97466e-18
5.63785e-18
-1.9082e-17
-5.96889e-18
-6.03471e-20
2.80987e-17
6.15653e-18
4.38134e-18
-6.74154e-18
-5.38831e-19
-1.25439e-17
3.34977e-18
9.17741e-19
4.20125e-18
2.02687e-18
-7.64188e-18
-3.18241e-18
-3.719e-18
-2.87073e-18
-2.17179e-18
5.84114e-18
1.21973e-18
-3.1984e-18
-3.03577e-18
2.1413e-18
-1.51788e-18
-9.97466e-18
-8.67362e-19
5.85469e-18
6.07153e-18
1.38778e-17
1.04083e-17
-1.04083e-17
-2.25514e-17
3.46945e-18
-1.49275e-17
5.45973e-18
-4.39581e-18
-2.19888e-18
2.66811e-19
1.05358e-18
-3.26389e-19
-1.85723e-18
-3.19078e-18
-9.07265e-18
-1.23517e-17
-6.36144e-18
4.72575e-18
5.10047e-18
1.41804e-17
-4.09394e-18
-1.385e-17
3.98875e-18
2.16409e-17
-2.85703e-19
-7.88073e-18
2.39128e-18
1.63807e-18
-5.63895e-19
6.17831e-19
1.53236e-18
-1.12648e-17
-3.67088e-18
-1.15223e-18
-8.24896e-18
-6.56685e-18
3.55662e-18
-3.43939e-18
1.81247e-17
-2.03318e-17
-6.32746e-18
-7.32192e-18
-3.32944e-18
4.9241e-18
6.36714e-18
-5.69937e-18
-1.03053e-17
-6.35552e-18
8.36957e-18
2.77243e-18
-4.32277e-18
-8.67896e-18
3.22428e-18
1.70762e-18
-1.04083e-17
8.67362e-19
2.60209e-18
8.67362e-19
5.20417e-18
-2.60209e-18
-6.93889e-18
0
9.54098e-18
-1.73472e-18
-6.93889e-18
-6.93889e-18
-3.46945e-18
0
4.16334e-17
5.55112e-17
0
0
0
0
0
6.93889e-18
-3.03577e-18
3.46945e-18
1.12757e-17
5.20417e-18
-2.92735e-18
3.0063e-18
-1.03512e-18
-1.64744e-18
9.47774e-18
2.86297e-19
3.61175e-18
1.2509e-17
-3.46945e-18
-1.93395e-17
-2.40388e-18
5.84114e-18
7.26415e-18
-4.55365e-18
-7.80626e-18
-6.39679e-18
4.77049e-18
9.1073e-18
-1.73472e-18
-1.17094e-17
-6.93889e-18
-1.04093e-17
1.18529e-17
-2.37938e-17
-1.04397e-18
4.852e-18
1.53736e-18
4.82145e-18
-5.3205e-18
-2.03992e-18
-1.78876e-18
-1.35113e-17
2.47752e-19
1.21506e-17
1.69306e-18
3.24791e-18
-9.05158e-18
-4.52654e-18
1.12757e-17
2.38524e-17
-4.33681e-18
-5.20417e-18
9.75782e-18
9.54098e-18
0
-1.04083e-17
-2.60209e-18
-1.73472e-18
6.93889e-18
-6.93889e-18
-3.46945e-18
-1.38778e-17
1.38778e-17
-1.2828e-17
2.88638e-19
4.39581e-18
6.64092e-18
3.7979e-18
-1.53523e-17
-9.48669e-18
2.16834e-19
-2.81911e-18
3.22209e-18
6.74936e-18
4.26247e-18
6.78716e-18
2.32015e-18
-6.68776e-18
-6.67882e-18
5.36541e-18
5.62503e-18
3.2095e-18
2.26264e-18
7.19268e-18
-2.38076e-18
-9.13593e-18
-9.85986e-18
6.22486e-18
8.97031e-18
-6.67847e-18
5.17116e-19
1.45836e-17
2.36983e-18
1.04392e-17
-1.43859e-17
2.68291e-17
-5.4179e-18
3.2925e-18
-2.10234e-18
4.45576e-18
-1.29503e-18
6.73432e-19
1.30046e-17
1.37027e-17
-3.30618e-19
-1.26249e-17
-2.67556e-18
3.51846e-18
-2.56968e-18
1.74436e-18
-2.06246e-18
-3.87263e-18
6.84403e-18
-3.71339e-18
-7.53521e-18
-1.66967e-17
-4.55365e-18
-1.51788e-18
4.77049e-18
-7.80626e-18
-4.55365e-18
5.20417e-18
5.20417e-18
-6.93889e-18
3.46945e-18
-8.67362e-19
-2.42861e-17
-1.18449e-17
2.71051e-19
-2.1684e-18
4.86536e-18
1.04083e-17
1.89735e-18
4.39102e-18
-9.07172e-18
-1.55854e-18
1.50569e-17
1.07175e-17
-3.89974e-18
-1.12838e-17
-3.01541e-18
1.30099e-17
-4.10592e-18
-1.42251e-17
4.16063e-18
2.18196e-18
6.74916e-18
8.26704e-19
-5.30412e-18
6.32903e-18
-2.27682e-18
-8.67362e-19
1.05168e-17
5.74627e-18
-1.73472e-18
-4.77049e-18
4.77049e-18
-2.1684e-18
-3.29597e-17
-5.95959e-18
4.72561e-18
-1.39834e-17
8.39298e-18
2.33051e-17
5.60923e-18
-7.51322e-18
-9.41e-18
-7.7764e-18
3.17476e-18
1.39434e-17
4.24333e-18
-7.67453e-18
-3.61597e-18
3.25737e-18
7.00052e-19
-9.51049e-18
-5.51588e-18
-1.01102e-17
-2.00577e-18
2.60209e-18
-5.17707e-18
8.45678e-18
-3.90313e-18
-1.64799e-17
4.55365e-18
2.60209e-18
0
-1.73472e-17
3.46945e-18
1.73472e-18
1.04083e-17
7.88021e-18
-9.79654e-18
-9.91566e-18
-1.52806e-18
1.62131e-17
-4.03054e-19
9.7691e-19
-7.92092e-18
-1.19881e-17
4.8324e-18
1.08813e-17
-5.18158e-19
4.44217e-18
6.52156e-18
5.81206e-18
-3.14894e-18
-1.99161e-17
4.075e-18
1.61977e-17
-5.46057e-18
-1.30173e-17
5.4387e-18
7.38792e-18
-4.85712e-18
-5.822e-18
-7.82073e-18
-9.1182e-18
-6.73746e-18
3.75431e-18
2.17743e-18
5.69949e-18
2.07295e-17
2.66391e-17
-2.77902e-18
-2.21525e-17
5.30126e-19
2.0997e-18
2.42036e-18
1.57563e-19
-2.64522e-18
1.64478e-18
3.79845e-19
2.74918e-18
-1.36725e-18
-2.71926e-18
-1.64332e-20
-3.28719e-18
-5.74273e-18
-0.000534058
-0.00201421
-0.0044303
-0.00805838
-0.00730484
0.00213482
0.0197296
0.0481304
0.0589019
0.0300746
-0.0335895
-0.144423
-0.199533
-0.11863
0.075931
0.426067
