0.354325
0.323672
0.183153
-0.109329
-0.357377
-0.411643
-0.341011
-0.0815305
0.162414
0.2142
0.197363
0.0696357
-0.0595119
-0.0643813
-0.0523741
-0.0157123
0.0257159
0.0161221
0.00595703
0.00163178
-0.00608369
-0.00260123
0.000896557
1.93067e-05
0.000389278
0.000224453
-0.000247733
-1.47011e-05
6.67679e-05
-1.00522e-05
-6.71885e-06
1.78147e-06
-1.13367e-17
-6.06069e-17
-1.0571e-17
-3.57787e-18
1.60462e-17
4.4886e-17
4.64039e-17
6.07153e-18
4.77049e-18
-2.1684e-17
-1.30104e-17
-4.17418e-18
5.63785e-18
6.07153e-18
-6.93889e-18
-1.04083e-17
-6.93889e-18
6.93889e-18
1.04083e-17
6.93889e-18
1.73472e-18
-3.46945e-18
-1.04083e-17
6.93889e-18
1.38778e-17
2.77556e-17
1.38778e-17
0
2.42861e-17
-6.93889e-18
-1.38778e-17
-2.77556e-17
-4.59655e-17
-3.27782e-18
7.19368e-18
2.13974e-17
2.14263e-17
-2.96587e-18
1.9978e-18
-9.92788e-18
-1.08071e-17
3.8558e-19
-2.18051e-17
-1.0032e-17
-9.24393e-18
-2.17385e-18
2.33688e-17
1.13441e-17
1.6487e-17
-8.89762e-18
3.06978e-18
-1.19095e-18
-1.94152e-17
7.30964e-18
-2.96845e-17
-1.34967e-17
8.54595e-19
7.96693e-19
1.58628e-17
5.06812e-18
2.43654e-18
9.68738e-19
-5.84193e-18
1.25332e-17
-8.49701e-18
-2.03406e-17
-8.99888e-18
-1.93937e-17
5.01444e-18
2.29309e-17
1.02186e-17
2.07354e-17
9.92045e-18
-1.51788e-18
-6.4239e-18
-7.23705e-18
-1.0842e-18
-1.84314e-17
-1.17094e-17
-2.12504e-17
-2.86229e-17
1.79978e-17
1.30104e-17
1.43115e-17
1.58836e-17
-2.62377e-17
-2.34188e-17
-9.54098e-18
-1.04083e-17
1.38778e-17
1.82146e-17
6.07153e-18
6.72205e-18
1.23599e-17
1.73472e-18
-1.04083e-17
1.57209e-18
-5.59448e-17
-2.82435e-17
-1.05439e-17
4.77049e-18
2.05998e-17
2.38524e-17
9.54098e-18
1.11673e-17
-4.55365e-18
-1.74557e-17
4.71628e-18
-1.02457e-17
-7.48099e-18
-1.12757e-17
-1.87567e-17
-1.71304e-17
2.81893e-18
6.50521e-18
2.08167e-17
2.80266e-17
8.99888e-18
1.89735e-18
-3.46945e-18
-8.67362e-18
-5.63785e-18
9.97466e-18
8.23994e-18
7.58942e-18
3.95734e-18
-2.38524e-18
8.23994e-18
-1.5729e-17
2.63309e-17
7.26415e-18
-4.0251e-18
2.40151e-17
-7.86047e-18
-1.16552e-18
3.44234e-18
-3.68087e-17
-4.71628e-18
-1.65341e-18
-7.42001e-18
1.24683e-17
9.32414e-18
-1.30104e-18
-3.46945e-18
9.1073e-18
1.32273e-17
1.25767e-17
9.97466e-18
-1.02457e-17
-1.99493e-17
2.60209e-18
8.67362e-19
1.9082e-17
3.64292e-17
-8.67362e-19
1.30104e-17
5.85469e-18
-7.58942e-18
1.73472e-17
-3.46945e-18
-1.00763e-17
2.74265e-18
-3.51229e-18
-5.43874e-19
2.45725e-17
1.89903e-17
-1.24242e-17
3.58425e-18
2.0673e-18
-6.82541e-18
1.05339e-17
-5.62715e-18
5.62766e-19
-6.14501e-18
1.56369e-17
1.36922e-17
4.97005e-18
1.76674e-17
-7.34759e-18
-5.60442e-18
-3.40204e-19
-1.49889e-17
4.21325e-18
-5.54165e-18
-1.13065e-17
1.00145e-17
-1.34351e-17
4.38568e-18
8.57422e-18
-2.88629e-18
1.459e-17
-5.65591e-18
-9.22588e-18
1.18991e-17
2.39338e-17
2.49366e-18
-1.51788e-17
-7.58942e-19
-2.23346e-17
-9.1073e-18
1.51788e-18
-2.38524e-18
1.30104e-18
1.0327e-17
1.95156e-18
1.30104e-18
0
-1.9082e-17
8.67362e-18
-6.93889e-18
1.38778e-17
2.08167e-17
6.28837e-18
8.67362e-19
-1.73472e-18
-6.93889e-18
-1.38778e-17
-6.93889e-18
-1.38778e-17
-1.38778e-17
1.04083e-17
3.46945e-17
2.08167e-17
1.38778e-17
0
-8.32667e-17
0
1.38778e-17
-5.55112e-17
8.32667e-17
-2.77556e-17
0
0
-4.16334e-17
0
-1.38778e-17
6.93889e-18
1.38778e-17
6.93889e-18
-1.73472e-18
-3.46945e-18
-1.9082e-17
-3.03577e-18
1.30104e-17
5.20417e-18
1.06252e-17
7.31836e-18
-2.1684e-18
-7.80626e-18
-1.04083e-17
-6.07153e-18
3.03577e-18
-3.68629e-18
-1.35525e-18
-6.50521e-19
-1.30104e-18
5.99699e-19
1.55583e-17
2.10606e-17
2.92735e-18
-1.21431e-17
-8.34836e-18
-1.6263e-17
-5.20417e-18
-2.38524e-18
-6.50521e-19
6.07153e-18
4.79759e-18
1.79978e-17
4.33681e-19
-3.46945e-18
-8.67362e-18
-2.25514e-17
-1.38778e-17
-1.38778e-17
1.04083e-17
9.75782e-18
1.12757e-17
8.67362e-18
-6.93889e-18
1.38778e-17
-6.93889e-18
1.38778e-17
1.38778e-17
3.46945e-18
3.46945e-18
-6.93889e-18
-1.38778e-17
2.97025e-17
4.05744e-17
2.22966e-17
9.93604e-18
-4.94639e-18
4.7006e-18
-7.20197e-18
2.33847e-18
-6.97384e-18
-2.98767e-18
1.21026e-19
4.61097e-18
2.33386e-17
-3.24716e-18
7.42255e-18
-8.74203e-18
-6.51237e-18
1.41018e-17
6.16509e-19
1.89719e-17
1.56205e-17
-1.57664e-17
6.80786e-18
-1.16568e-17
-1.3865e-17
2.34894e-17
-8.05656e-18
1.48812e-17
9.48969e-18
-1.94452e-18
8.87769e-18
3.94671e-18
3.7604e-18
-1.04371e-17
-1.61004e-17
-5.21772e-18
-1.59649e-17
2.1413e-17
1.0571e-18
1.81604e-18
6.12574e-18
6.50521e-18
1.24954e-17
4.55365e-18
-1.0842e-17
-2.38524e-18
-1.43115e-17
-6.50521e-18
-1.12757e-17
-4.11997e-18
2.60209e-18
4.77049e-18
1.7293e-17
2.27682e-17
4.33681e-18
1.30104e-17
1.04083e-17
1.38778e-17
2.60209e-18
-6.07153e-18
-1.71304e-17
-1.92988e-17
-2.25514e-17
-1.73472e-17
-1.57209e-18
-2.73219e-17
4.87891e-19
3.60497e-18
2.29851e-17
7.15573e-18
3.90313e-18
-2.60209e-18
-1.11673e-17
-2.32019e-17
-1.02999e-17
-1.16552e-17
-3.63208e-18
5.42101e-19
1.47451e-17
1.52873e-17
4.98733e-18
1.6263e-17
1.73472e-18
-8.67362e-19
-2.00577e-18
-2.69966e-17
-1.11131e-17
-4.33681e-18
2.60209e-18
2.64545e-17
9.97466e-18
3.03577e-18
-8.67362e-18
-9.92045e-18
6.28837e-18
-1.0842e-17
-3.89508e-18
-1.24937e-17
-3.59955e-17
8.14507e-18
1.03541e-17
1.27394e-17
2.93548e-17
-7.77915e-18
-9.16151e-18
-1.84856e-17
-1.89464e-17
1.53821e-18
8.5652e-18
1.14925e-17
1.17094e-17
-3.46945e-18
-1.43115e-17
-2.01662e-17
-7.37257e-18
-9.97466e-18
-3.84892e-18
6.07153e-18
-8.67362e-19
2.60209e-18
-5.20417e-18
-8.67362e-18
-6.07153e-18
-6.07153e-18
-5.85469e-18
7.58942e-18
1.73472e-17
3.1225e-17
2.63394e-17
-1.22836e-17
1.77757e-18
-1.69118e-17
-4.10524e-17
7.03058e-18
1.76284e-17
1.09441e-17
1.57136e-17
9.4275e-18
-1.66054e-17
4.10927e-18
6.15929e-18
-2.31177e-18
2.14397e-18
-7.62062e-18
-4.53637e-18
1.41452e-18
6.25536e-19
1.47117e-17
5.86963e-18
8.70051e-18
1.80129e-17
1.20484e-18
-5.17335e-18
-6.54506e-18
-2.38615e-17
-2.26003e-17
-1.85217e-18
-2.4263e-18
2.3236e-18
1.51969e-17
-8.55039e-05
-0.00032248
-0.000709302
-0.00129017
-0.00203881
-0.00293675
-0.00405247
-0.00541089
-0.00608237
-0.00537274
-0.00331499
0.000558648
0.00590559
0.0124799
0.0210136
0.0317436
0.0397687
0.0415555
0.03732
0.0246456
0.00561923
-0.018253
-0.050775
-0.0930336
-0.126822
-0.139384
-0.131507
-0.0942866
-0.0362031
0.0366509
0.138294
0.272371
