0.00410387
0.0154778
0.0340439
0.0619232
0.0978553
0.140953
0.194503
0.259702
0.318176
0.356854
0.376822
0.369194
0.342352
0.302424
0.2353
0.137259
0.0407535
-0.0339838
-0.0887798
-0.108532
-0.113619
-0.118692
-0.0997306
-0.0532094
-0.00646441
0.0275929
0.0476829
0.0405357
0.0297371
0.0310317
0.024404
0.00972928
-0.00363328
-0.0151102
-0.0195788
-0.0108307
-0.00223736
-0.00111126
0.000270425
0.000400888
0.000125953
0.00241187
0.00321108
0.00122707
-0.000400418
-0.000999139
-0.00121358
-0.000329166
0.000483922
0.000305997
0.000157123
3.59569e-05
-0.00013565
-5.2857e-05
1.95749e-05
1.64887e-07
8.11058e-06
4.67647e-06
-5.1615e-06
-3.06297e-07
1.39111e-06
-2.09436e-07
-1.39987e-07
3.71168e-08
-8.96074e-18
2.70918e-18
-1.89576e-18
7.58105e-18
-9.45192e-18
-2.70544e-18
-1.9457e-17
-1.32209e-17
-2.56488e-17
9.19525e-18
-2.90221e-17
-1.9345e-17
-5.00673e-17
-8.16977e-18
-1.50962e-17
-5.65139e-18
-1.98764e-18
-7.52361e-18
-2.01799e-18
1.09384e-17
2.48392e-17
5.1739e-19
1.52306e-17
2.21284e-17
3.66281e-17
1.2773e-17
1.95731e-17
1.75773e-17
1.42421e-17
-3.25619e-18
-3.23194e-18
-2.58809e-18
1.06252e-17
-4.33681e-19
-7.48099e-18
-8.72783e-18
-5.61075e-18
-1.67577e-17
-8.64651e-18
-2.02983e-17
-1.94225e-17
-4.75829e-17
-1.17636e-17
1.8567e-18
6.00377e-18
-2.04237e-17
1.43386e-17
9.27501e-18
7.55553e-19
1.05761e-17
-5.26854e-19
-2.1629e-18
-6.47133e-19
1.06603e-17
-1.12708e-18
-3.42772e-18
-1.37773e-17
8.19319e-19
5.02598e-18
-7.74198e-18
-1.43769e-17
2.45784e-18
2.82923e-18
2.15222e-19
-8.34836e-18
-1.0842e-17
-4.33681e-18
-3.36103e-18
6.77626e-19
-1.01915e-17
-8.5652e-18
-1.73472e-18
-3.46945e-18
-1.06252e-17
-1.34441e-17
5.63785e-18
5.63785e-18
-6.93889e-18
-1.23599e-17
5.42101e-18
1.47994e-17
6.42051e-18
-4.77049e-18
9.26993e-18
1.36067e-17
-2.1684e-19
-9.75782e-18
-3.27971e-18
-1.36542e-17
-3.7676e-18
-7.73849e-18
3.25261e-18
-4.11997e-18
1.58294e-17
2.3473e-17
-4.47233e-18
-7.58942e-18
-2.38524e-18
6.83047e-18
-1.69678e-17
-5.96311e-19
2.87991e-18
-2.40557e-19
-8.1349e-18
-1.60428e-17
9.79848e-18
-2.1684e-19
1.28885e-17
-1.71168e-17
1.793e-17
-9.33769e-18
4.69426e-18
-1.09132e-17
-1.46198e-18
-7.19131e-18
7.1858e-18
-1.68729e-18
8.03877e-18
2.60473e-18
9.03575e-19
4.72798e-18
2.06081e-17
5.96475e-18
-9.40707e-18
-1.12885e-17
7.17299e-18
4.93515e-18
6.33891e-18
-5.10346e-19
7.60296e-18
5.38326e-18
1.03404e-17
-1.69605e-17
-8.60204e-19
-1.2246e-17
-8.01671e-18
-3.39993e-17
-2.95129e-17
-7.93328e-18
-7.79723e-18
-5.28761e-18
9.3964e-18
-6.44809e-18
-1.75123e-19
-4.87459e-18
3.31203e-18
-2.27523e-18
9.7054e-18
1.53917e-17
2.63363e-17
1.33067e-17
1.7039e-17
-4.42239e-20
5.97755e-18
8.90749e-18
-2.03395e-18
-1.86751e-17
-1.89988e-18
-2.30941e-17
-2.63487e-18
-9.21572e-18
5.20417e-18
-1.9082e-17
-3.46945e-18
-1.14925e-17
-1.6263e-19
-4.59431e-18
-3.80826e-18
8.41612e-18
-1.84314e-18
1.66967e-17
1.05168e-17
-1.23328e-18
2.57498e-17
1.79435e-17
1.17636e-17
-6.58653e-18
4.3097e-18
2.3988e-18
-3.52366e-18
-2.43945e-19
-1.69407e-20
-5.46336e-18
-5.89642e-18
1.94148e-17
4.4736e-18
1.30255e-17
-5.4338e-18
9.1182e-18
1.16769e-17
1.5539e-17
9.91895e-18
8.67362e-19
7.80626e-18
-3.46945e-18
6.93889e-18
-6.93889e-18
-1.38778e-17
-4.16334e-17
0
5.55112e-17
-5.55112e-17
0
0
-2.77556e-17
-5.55112e-17
-1.38778e-17
0
-1.04083e-17
-3.46945e-17
-6.93889e-18
-1.38778e-17
0
1.38778e-17
0
-3.46945e-18
3.46945e-18
-8.67362e-18
0
-6.93889e-18
1.73472e-18
-8.67362e-18
-6.93889e-18
3.46945e-18
-1.50704e-17
-8.67362e-18
-1.38778e-17
-1.73472e-18
-9.75782e-18
8.40257e-18
-2.56143e-18
2.18196e-18
6.60008e-18
-1.6263e-18
3.68629e-18
2.26598e-17
1.11537e-17
1.57751e-17
1.54499e-17
-2.1684e-19
3.44234e-18
2.46656e-18
-4.26905e-18
-8.82608e-18
-1.18449e-17
-2.226e-18
3.21364e-18
-1.34144e-18
-6.84149e-18
-3.54695e-18
-6.25174e-18
-3.3187e-18
-2.39781e-17
-1.10178e-17
-1.65551e-17
5.52226e-19
-1.4476e-18
1.16023e-17
-5.58059e-20
1.35609e-17
-1.82378e-18
1.35475e-17
1.24243e-18
-5.86107e-18
-1.33825e-17
-3.99108e-18
-1.00092e-17
-1.01453e-17
-2.84181e-18
1.02298e-17
7.28991e-18
9.9882e-18
-4.51757e-18
2.1026e-18
4.7285e-18
1.00951e-17
-1.72497e-17
3.27732e-18
-1.88085e-17
-8.57584e-18
-6.59686e-19
1.63379e-17
-9.92367e-18
-8.7953e-18
-3.23745e-18
8.24352e-18
2.36458e-18
7.03332e-18
-4.66207e-18
5.20417e-18
1.35525e-17
1.74014e-17
5.61075e-18
9.2767e-18
2.21855e-17
1.01068e-17
3.13758e-17
-5.1093e-18
2.49909e-17
5.19062e-18
1.72795e-17
-1.17771e-17
1.12486e-17
-1.17416e-17
-7.55892e-18
-8.99549e-19
6.12405e-18
-1.58975e-17
-7.26077e-18
8.63338e-18
1.18468e-18
-1.67997e-17
-1.86086e-17
-1.41683e-17
-6.18048e-18
-1.61526e-17
-3.31927e-18
-1.66861e-17
-4.4906e-18
-5.56194e-18
3.14419e-18
-8.23994e-18
-1.64799e-17
-7.04731e-18
-6.77626e-19
-3.68629e-18
-1.91904e-17
1.73472e-18
-2.42861e-17
-1.71304e-17
-1.43115e-17
2.21177e-17
-5.63785e-18
6.93889e-18
-1.51788e-18
8.45678e-18
6.01732e-18
7.45728e-18
-9.1073e-18
-2.33103e-18
7.20994e-18
-6.72205e-18
1.66967e-17
-3.65918e-18
-1.95834e-18
-1.35796e-17
4.26905e-18
2.1684e-19
6.50521e-19
-3.68629e-18
4.2826e-18
2.73761e-18
2.71051e-18
3.68629e-18
4.44523e-18
-4.71628e-18
2.11419e-18
-9.28348e-19
3.10014e-18
-8.37207e-18
-7.06425e-18
-1.32679e-17
-1.88651e-17
-3.28378e-17
-8.3348e-18
-3.45183e-17
-3.09946e-17
-1.34221e-17
3.29665e-18
-1.69152e-17
-1.2636e-17
-8.66811e-18
-1.54499e-18
-7.53902e-18
2.13696e-18
-4.03189e-18
3.39718e-18
-3.08902e-20
-6.93969e-18
-1.04347e-17
-1.23363e-17
-1.56361e-17
-3.34959e-17
-1.06266e-17
-3.57016e-19
-8.03664e-18
-1.73095e-17
-1.06657e-17
4.8067e-19
-2.38596e-17
-1.11727e-17
-6.56904e-19
1.75194e-17
-3.44688e-18
-8.5466e-18
-1.82236e-17
2.68552e-18
-1.14564e-17
-1.35012e-17
-4.16169e-18
-2.49798e-18
5.57843e-18
-4.35277e-19
3.95555e-18
-2.16447e-18
4.5635e-18
-3.05455e-17
-6.3054e-18
-5.13284e-18
-1.2537e-17
-2.54958e-17
-1.3687e-17
-7.94205e-18
-1.00263e-17
-3.2468e-19
-5.2798e-18
-7.80626e-18
-3.46945e-18
1.73472e-17
0
5.42101e-18
-1.99493e-17
-2.71051e-19
-1.37694e-17
-9.96111e-18
-2.86229e-17
-1.95156e-18
1.37694e-17
-1.21973e-18
-1.0842e-17
1.51788e-18
1.14925e-17
-1.00289e-17
7.31836e-19
-7.99599e-18
-1.48468e-17
-9.20217e-18
-1.21227e-17
-1.6712e-17
-1.72443e-17
-1.12062e-17
-9.77307e-18
-6.66657e-18
7.05393e-19
5.54912e-19
1.7947e-17
4.87907e-18
1.31003e-17
