-4.91828e-16
-4.04299e-16
-3.96059e-16
-4.27589e-16
-1.2265e-17
1.35417e-16
-3.73413e-16
-7.60568e-17
7.902e-16
1.00694e-15
-1.4288e-15
2.99762e-16
-1.26971e-15
6.00544e-16
-1.56917e-15
6.64074e-16
2.67202e-16
5.9337e-16
-4.78086e-16
-5.78066e-16
-4.24956e-16
6.39632e-16
-1.37455e-15
2.03251e-16
8.10289e-16
2.26789e-15
2.03103e-15
2.1392e-15
5.21378e-16
-5.9976e-16
-2.32346e-15
-7.39917e-17
1.47655e-15
8.62398e-17
-5.7118e-16
6.4303e-16
5.6464e-16
-1.55926e-16
1.40374e-15
9.47646e-16
3.2828e-15
1.58573e-15
2.27438e-15
8.3306e-16
5.29265e-16
-1.92095e-15
4.17145e-16
-2.34288e-15
1.62598e-15
6.16603e-16
1.74535e-15
3.8662e-17
6.89485e-16
2.2102e-16
7.78864e-16
-9.45061e-16
2.73873e-16
1.87195e-16
9.87328e-16
-1.7305e-15
-9.43103e-17
7.22817e-16
2.87742e-15
-3.38593e-16
-2.1359e-16
-1.18523e-17
2.81975e-16
-8.36044e-16
-9.18961e-16
1.02437e-15
2.43075e-15
1.59123e-15
5.38317e-16
2.11884e-15
1.7419e-15
-3.49479e-16
-1.23397e-15
2.04272e-15
9.18866e-16
1.4796e-15
-1.57273e-16
6.06406e-16
-2.71211e-16
1.18314e-15
1.83822e-16
5.58028e-16
-3.18227e-16
1.10693e-15
1.54244e-16
-2.08707e-16
-2.25898e-16
1.03635e-15
9.57747e-16
1.36987e-15
8.41026e-16
2.07026e-15
9.63637e-16
1.91696e-15
6.30686e-16
9.09072e-16
5.17602e-16
1.90838e-16
2.24492e-17
1.10849e-15
6.95057e-16
9.51772e-16
1.69157e-15
2.30965e-15
3.56711e-15
1.65353e-15
3.30003e-15
2.79581e-15
1.43175e-15
1.11389e-15
4.34276e-16
-2.1092e-15
-4.64006e-15
-6.12722e-15
-9.0151e-15
-1.48981e-14
-2.59528e-14
-4.43242e-14
-7.65793e-14
-1.30705e-13
-2.19222e-13
-3.63912e-13
-6.01575e-13
-9.89751e-13
-1.62109e-12
-2.64581e-12
-4.30333e-12
-6.97133e-12
-1.12459e-11
-1.8071e-11
-2.89249e-11
-4.61133e-11
-7.32226e-11
-1.15805e-10
-1.8243e-10
-2.86246e-10
-4.47355e-10
-6.96358e-10
-1.07965e-09
-1.66728e-09
-2.56448e-09
-3.9288e-09
-5.99501e-09
-9.11143e-09
-1.37927e-08
-2.0796e-08
-3.12303e-08
-4.67128e-08
-6.95922e-08
-1.03264e-07
-1.52616e-07
-2.24653e-07
-3.2937e-07
-4.8097e-07
-6.99537e-07
-1.01335e-06
-1.46207e-06
-2.10104e-06
-3.00714e-06
-4.28676e-06
-6.08634e-06
-8.6067e-06
-1.21218e-05
-1.70039e-05
-2.37563e-05
-3.30564e-05
-4.58119e-05
-6.32334e-05
-8.69277e-05
-0.000119018
-0.000162295
-0.000220414
-0.000298132
-0.000401619
-0.000538833
-0.00071999
-0.00095814
-0.00126987
-0.00167616
-0.00220342
-0.0028847
-0.00376118
-0.00488387
-0.00631567
-0.00813367
-0.0104319
-0.0133244
-0.0169487
-0.0214696
-0.0270838
-0.0340244
-0.0425658
-0.0530296
-0.0657898
-0.0812788
-0.0999933
-0.122499
-0.149439
-0.181531
-0.219581
-0.264476
-0.317191
-0.378784
-0.450394
-0.533232
-0.628571
-0.737735
-0.862073
-1.00294
-1.16169
-1.33958
-1.53782
-1.75748
-1.99942
-2.26432
-2.55254
-2.86414
-3.19878
-3.55569
-3.9336
-4.33073
-4.74473
-5.17265
-5.61094
-6.05542
-6.50134
-6.94335
-7.37557
-7.79166
-8.1849
-8.54828
-8.87461
-9.15667
-9.38733
-9.55973
-9.66741
-9.70449
-9.66583
-9.54717
-9.34528
-9.05807
-8.68474
-8.22578
-7.68309
-7.05998
-6.36114
-5.59261
-4.76172
-3.87693
-2.94773
-1.98444
-0.998049
4.31676e-12
0.998049
1.98444
2.94773
3.87693
4.76172
5.59261
6.36114
7.05998
7.68309
8.22578
8.68474
9.05807
9.34528
9.54717
9.66583
9.70449
9.66741
9.55973
9.38733
9.15667
8.87461
8.54828
8.1849
7.79166
7.37557
6.94335
6.50134
6.05542
5.61094
5.17265
4.74473
4.33073
3.9336
3.55569
3.19878
2.86414
2.55254
2.26432
1.99942
1.75748
1.53782
1.33958
1.16169
1.00294
0.862073
0.737735
0.628571
0.533232
0.450394
0.378784
0.317191
0.264476
0.219581
0.181531
0.149439
0.122499
0.0999933
0.0812788
0.0657898
0.0530296
0.0425658
0.0340244
0.0270838
0.0214696
0.0169487
0.0133244
0.0104319
0.00813367
0.00631567
0.00488387
0.00376118
0.0028847
0.00220342
0.00167616
0.00126987
0.00095814
0.00071999
0.000538833
0.000401619
0.000298132
0.000220414
0.000162295
0.000119018
8.69277e-05
6.32334e-05
4.58119e-05
3.30564e-05
2.37563e-05
1.70039e-05
1.21218e-05
8.6067e-06
6.08634e-06
4.28676e-06
3.00714e-06
2.10104e-06
1.46207e-06
1.01335e-06
6.99537e-07
4.8097e-07
3.2937e-07
2.24653e-07
1.52616e-07
1.03264e-07
6.95922e-08
4.67128e-08
3.12303e-08
2.0796e-08
1.37927e-08
9.11143e-09
5.99502e-09
3.9288e-09
2.56447e-09
1.66728e-09
1.07966e-09
6.96356e-10
4.4735e-10
2.86246e-10
1.82433e-10
1.15808e-10
7.32228e-11
4.61132e-11
2.89261e-11
1.80727e-11
1.12475e-11
6.97107e-12
4.30385e-12
2.6461e-12
1.62037e-12
9.87145e-13
5.99604e-13
3.6335e-13
2.18525e-13
1.30018e-13
7.66344e-14
4.49138e-14
2.79124e-14
1.48032e-14
8.21316e-15
4.59564e-15
1.21477e-15
-1.71768e-15
-2.00181e-15
-9.74069e-16
6.78229e-16
-4.57813e-16
-1.84338e-15
2.81499e-16
5.27412e-16
-1.68898e-15
-1.48022e-15
-9.79425e-16
1.09043e-15
-1.81814e-15
-1.18135e-15
-1.37692e-15
-5.37061e-16
-4.67533e-16
-9.21394e-17
-7.49629e-16
1.05033e-15
-6.87966e-16
-4.60443e-16
-8.72546e-16
-6.01636e-16
-1.39124e-15
-7.80014e-16
4.3521e-16
3.70573e-16
-8.45599e-16
-1.5527e-15
-1.74903e-15
-1.16696e-15
-8.55791e-16
-9.51219e-16
-2.07334e-16
-2.83273e-17
-6.94508e-17
1.07538e-15
2.09389e-17
4.61304e-16
1.58632e-15
1.4494e-15
1.41051e-15
-4.91674e-16
-2.89413e-16
-2.94195e-16
2.16675e-16
-5.30427e-16
1.21429e-16
-1.02921e-15
8.30675e-16
-5.47388e-16
-4.6597e-16
-2.24592e-15
-5.87464e-16
-9.19055e-16
4.26136e-17
-2.47582e-15
-9.2932e-16
-2.62814e-15
-5.52742e-16
-4.95637e-16
5.64327e-17
-3.2438e-16
7.15681e-16
9.70756e-16
1.82775e-15
3.57685e-16
5.78718e-16
1.96994e-16
1.98951e-15
2.22209e-15
1.69194e-15
-8.72167e-16
-8.36443e-16
-1.09518e-15
5.4719e-16
9.37565e-16
1.0803e-15
1.90221e-15
2.39834e-15
3.7691e-15
2.08588e-15
4.92094e-16
-1.71216e-16
-3.08042e-17
-1.80971e-15
-1.5411e-15
-1.35638e-15
4.0997e-16
4.96557e-16
-8.47174e-16
-1.34288e-15
-1.28613e-15
-1.69859e-15
-5.94809e-16
-3.86855e-15
-3.46834e-15
-2.45039e-15
-2.57863e-15
-3.59037e-15
-4.73078e-15
-4.72417e-15
-3.27281e-15
-2.44322e-15
3.71885e-16
2.0875e-16
-1.49707e-15
-9.40764e-16
-1.00266e-15
1.45843e-16
8.81912e-16
7.5063e-16
2.47425e-16
2.65667e-16
