2.79894e-16
3.1017e-16
7.95872e-17
3.69367e-16
2.42028e-16
2.97959e-16
6.63484e-16
4.84394e-16
-1.83637e-18
9.55263e-16
8.45562e-16
5.51676e-16
4.64217e-16
9.00379e-16
9.6051e-16
5.51554e-16
9.00545e-16
8.35642e-16
7.13466e-16
1.29962e-15
5.2699e-16
7.70346e-16
7.93866e-16
1.2591e-15
1.16172e-16
1.18379e-15
1.97342e-16
1.13611e-15
5.48776e-16
2.03586e-16
2.18274e-16
1.1059e-15
-1.54816e-16
3.54707e-16
1.07148e-16
3.90334e-17
2.67368e-16
-1.17361e-16
-6.69215e-16
8.90591e-16
-9.00692e-16
-6.21434e-17
-5.46435e-16
-2.88713e-16
7.06019e-17
-7.70461e-16
-1.19103e-15
9.8867e-16
-1.17423e-15
-6.40055e-16
-4.59797e-16
9.73885e-17
-1.10084e-15
-2.16624e-16
-3.62383e-16
-1.33455e-16
-8.61144e-16
-3.2472e-16
-3.52298e-17
-1.40001e-16
-7.74076e-16
2.24592e-16
-8.14168e-16
4.60217e-16
-3.2898e-16
-4.07373e-16
2.91818e-16
-3.30001e-16
-1.47006e-16
1.2132e-16
-9.02642e-17
-1.21219e-16
2.84331e-16
-3.14443e-16
-2.49241e-17
4.98819e-16
-3.57529e-16
-2.99026e-16
9.09421e-16
-8.99591e-16
6.90212e-16
7.28364e-18
2.37423e-16
-6.73047e-16
4.66775e-16
3.33877e-16
4.00078e-16
-8.43058e-16
8.2171e-16
3.8625e-16
-6.01289e-16
5.27827e-16
3.8427e-16
3.4941e-17
4.25781e-16
-3.50481e-16
8.90728e-16
-1.88392e-17
-1.43053e-17
4.46959e-16
3.47384e-16
1.42493e-16
4.57204e-16
-3.26627e-16
4.28993e-16
4.22813e-16
-1.37731e-16
2.35221e-16
-1.55988e-16
9.01669e-16
-7.48219e-16
3.43435e-16
-3.09784e-16
6.85317e-16
-9.11552e-16
7.42026e-17
3.45771e-16
-3.29085e-16
-4.54652e-16
-3.44527e-16
8.83572e-18
-7.78598e-16
-5.49463e-16
-6.34575e-16
-1.60205e-15
-2.0137e-15
-2.89878e-15
-4.31513e-15
-7.6281e-15
-1.12568e-14
-1.73052e-14
-2.68035e-14
-4.26936e-14
-6.5274e-14
-1.00379e-13
-1.54586e-13
-2.36132e-13
-3.59402e-13
-5.4504e-13
-8.21799e-13
-1.2346e-12
-1.84713e-12
-2.74952e-12
-4.07505e-12
-6.01244e-12
-8.83218e-12
-1.29115e-11
-1.87942e-11
-2.7227e-11
-3.92657e-11
-5.63638e-11
-8.0533e-11
-1.14532e-10
-1.62119e-10
-2.28402e-10
-3.20265e-10
-4.4694e-10
-6.2074e-10
-8.57983e-10
-1.18016e-09
-1.61543e-09
-2.2004e-09
-2.98242e-09
-4.02227e-09
-5.3975e-09
-7.20636e-09
-9.5724e-09
-1.26499e-08
-1.66301e-08
-2.1748e-08
-2.829e-08
-3.66027e-08
-4.71009e-08
-6.02768e-08
-7.67082e-08
-9.70661e-08
-1.22121e-07
-1.52743e-07
-1.89906e-07
-2.34675e-07
-2.88197e-07
-3.51677e-07
-4.26342e-07
-5.13397e-07
-6.13961e-07
-7.28987e-07
-8.59164e-07
-1.0048e-06
-1.16567e-06
-1.34088e-06
-1.52867e-06
-1.72624e-06
-1.92953e-06
-2.13305e-06
-2.32967e-06
-2.51048e-06
-2.66465e-06
-2.77937e-06
-2.83987e-06
-2.82952e-06
-2.73008e-06
-2.52204e-06
-2.18517e-06
-1.6992e-06
-1.04471e-06
-2.0413e-07
8.37013e-07
2.08877e-06
3.55534e-06
5.23355e-06
7.11139e-06
9.16666e-06
1.13657e-05
1.36626e-05
1.59986e-05
1.83021e-05
2.0489e-05
2.24645e-05
2.41247e-05
2.53591e-05
2.6055e-05
2.61007e-05
2.53914e-05
2.38338e-05
2.13525e-05
1.78951e-05
1.34384e-05
7.99298e-06
1.60754e-06
-5.62795e-06
-1.35808e-05
-2.20756e-05
-3.08965e-05
-3.97915e-05
-4.84782e-05
-5.66525e-05
-6.39989e-05
-7.02017e-05
-7.49579e-05
-7.79908e-05
-7.90633e-05
-7.79905e-05
-7.46512e-05
-6.89974e-05
-6.10612e-05
-5.09588e-05
-3.88905e-05
-2.51381e-05
-1.00572e-05
5.93267e-06
2.23623e-05
3.87293e-05
5.45163e-05
6.92113e-05
8.23276e-05
9.34237e-05
0.000102121
0.00010812
0.000111213
0.000111292
0.000108354
0.000102501
9.39371e-05
8.29561e-05
6.9933e-05
5.53063e-05
3.95609e-05
2.3208e-05
6.76481e-06
-9.26475e-06
-2.44093e-05
-3.82465e-05
-5.04169e-05
-6.06346e-05
-6.86948e-05
-7.44767e-05
-7.79438e-05
-7.91399e-05
-7.81823e-05
-7.52528e-05
-7.05858e-05
-6.44561e-05
-5.71656e-05
-4.90293e-05
-4.03632e-05
-3.14721e-05
-2.26396e-05
-1.41197e-05
-6.13032e-06
1.151e-06
7.58916e-06
1.30918e-05
1.7608e-05
2.1125e-05
2.36642e-05
2.52765e-05
2.6036e-05
2.60351e-05
2.5378e-05
2.41758e-05
2.25416e-05
2.05856e-05
1.84122e-05
1.6117e-05
1.37844e-05
1.14867e-05
9.28344e-06
7.22128e-06
5.33453e-06
3.64603e-06
2.16838e-06
9.05225e-07
-1.4719e-07
-9.98586e-07
-1.66318e-06
-2.15835e-06
-2.5034e-06
-2.71855e-06
-2.82402e-06
-2.83934e-06
-2.78282e-06
-2.67116e-06
-2.51924e-06
-2.33996e-06
-2.14427e-06
-1.94117e-06
-1.7379e-06
-1.54004e-06
-1.35172e-06
-1.17581e-06
-1.01414e-06
-8.67647e-07
-7.36595e-07
-6.20705e-07
-5.19313e-07
-4.3148e-07
-3.56099e-07
-2.9197e-07
-2.37867e-07
-1.92585e-07
-1.54975e-07
-1.23966e-07
-9.85819e-08
-7.79443e-08
-6.12782e-08
-4.79069e-08
-3.72474e-08
-2.88024e-08
-2.21527e-08
-1.6948e-08
-1.28981e-08
-9.76506e-09
-7.35506e-09
-5.51164e-09
-4.10939e-09
-3.04856e-09
-2.25035e-09
-1.65295e-09
-1.2082e-09
-8.78817e-10
-6.36145e-10
-4.58273e-10
-3.28559e-10
-2.34444e-10
-1.66497e-10
-1.17687e-10
-8.27989e-11
-5.79803e-11
-4.04145e-11
-2.80394e-11
-1.93654e-11
-1.33132e-11
-9.11034e-12
-6.20587e-12
-4.20884e-12
-2.84182e-12
-1.9093e-12
-1.27704e-12
-8.51002e-13
-5.64505e-13
-3.72369e-13
-2.44148e-13
-1.60303e-13
-1.04407e-13
-6.73551e-14
-4.32701e-14
-2.80633e-14
-1.83947e-14
-1.06499e-14
-7.35194e-15
-4.47e-15
-2.64352e-15
-2.29799e-15
-6.60538e-16
-5.88824e-16
-8.18968e-16
-1.46421e-16
-2.43276e-17
-4.63502e-16
-1.96628e-16
4.70078e-17
-8.4287e-16
8.49307e-16
-1.00439e-15
-2.00082e-16
1.45509e-16
-7.18759e-16
2.74857e-16
-7.34771e-16
1.3648e-16
-5.37307e-16
-1.40773e-17
-3.22735e-16
1.7382e-17
-5.39796e-16
6.15264e-16
-9.83621e-16
2.16421e-16
1.11251e-16
2.8188e-16
-4.54722e-16
1.87902e-16
-3.53347e-17
2.92885e-16
3.01656e-16
8.97777e-17
-3.01061e-16
9.26908e-16
2.31069e-16
-3.66645e-16
5.77938e-16
6.30078e-16
-1.15459e-16
5.47281e-16
-1.30225e-16
1.08188e-15
-2.38852e-16
2.31665e-16
5.73426e-16
3.96577e-16
2.77047e-16
1.38237e-16
6.58082e-17
7.99715e-16
4.38071e-16
-4.43093e-16
8.13011e-16
2.09964e-16
4.20502e-16
2.57972e-16
1.82669e-16
3.20738e-16
4.5878e-16
1.34639e-17
9.3193e-16
-4.48464e-16
9.01386e-16
1.76012e-16
2.83509e-17
6.25624e-16
3.11555e-16
2.19105e-16
2.83885e-16
-1.32719e-16
9.43452e-16
1.99547e-16
-1.78164e-16
1.00286e-16
4.10859e-16
6.07979e-17
2.4181e-16
-2.26767e-16
6.95007e-17
-1.37574e-16
2.16213e-16
-3.01002e-16
-6.1889e-16
4.08305e-16
-6.01338e-16
-6.09221e-16
1.11549e-16
-6.93915e-16
-5.82223e-16
-4.04022e-16
-6.01853e-16
-5.83633e-16
-6.81737e-16
-9.63632e-16
-7.28491e-17
-1.21908e-15
-2.54033e-16
-1.11364e-15
-1.03119e-15
1.11808e-16
-8.57021e-16
-1.33129e-15
-1.33665e-16
-1.06182e-15
-1.52723e-16
-8.18125e-16
-4.26752e-16
-7.42746e-16
-1.51737e-17
-1.24019e-15
6.24921e-16
-1.00286e-15
1.49572e-16
-6.5127e-16
2.89729e-16
-3.56181e-16
4.4848e-16
-6.42939e-16
