-0.0129223
-0.0237241
-0.0307193
-0.0314231
-0.0247963
-0.01165
0.00551357
0.0231697
0.0377258
0.0464488
0.0480857
0.0430191
0.0329663
0.0203702
0.00770693
-0.00307961
-0.0108807
-0.0154403
-0.0171552
-0.0167773
-0.0151363
-0.0129552
-0.0107748
-0.00895537
-0.0077038
-0.00708949
-0.00703868
-0.00733059
-0.00762871
-0.00756869
-0.00689179
-0.00557772
-0.00391319
-0.00244428
-0.00180368
-0.00246057
-0.00448504
-0.00743204
-0.0104122
-0.0123482
-0.0123351
-0.00996851
-0.00550852
0.000197974
0.00601373
0.0109115
0.0143138
0.0162291
0.0171291
0.017627
0.0181092
0.0185021
0.0182935
0.0168148
0.0136572
0.00902292
0.00382095
-0.000573945
-0.00283345
-0.00225694
0.000828919
0.00504603
0.00836293
0.00878695
0.00509584
-0.0026691
-0.0131359
-0.0239841
-0.0326308
-0.036974
-0.0359482
-0.0297438
-0.0196777
-0.00781964
0.00347631
0.012012
0.0161038
0.0148641
0.00841967
-0.0019598
-0.0139104
-0.0243029
-0.029898
-0.0282386
-0.0185365
-0.00221746
0.0171705
0.0347936
0.0459397
0.0475594
0.0393847
0.0241613
0.00683231
-0.00709693
-0.0134464
-0.0108085
-0.00100437
0.011632
0.0218742
0.0255134
0.0208393
0.0091527
-0.00583596
-0.019439
-0.0276685
-0.0285192
-0.0224252
-0.0118121
-2.44285e-05
0.00988964
0.0160665
0.0181221
0.0168674
0.0136864
0.00990369
0.00639387
0.00351057
0.00124524
-0.000559571
-0.00208459
-0.0035296
-0.00515297
-0.00723735
-0.00992124
-0.0129516
-0.0155181
-0.0163436
-0.0141062
-0.00809385
0.00117709
0.0117045
0.0203336
0.0236761
0.0193396
0.0070043
-0.0111206
-0.0307261
-0.0466503
-0.0545388
-0.0523233
-0.0409638
-0.0241571
-0.00710173
0.00523976
0.00975761
0.00612311
-0.00327124
-0.0142893
-0.0225522
-0.0249075
-0.0203645
-0.0102264
0.0025484
0.0144551
0.0226022
0.0255364
0.0235177
0.0182461
0.0122141
0.00794758
0.00736478
0.0113908
0.0198485
0.0315676
0.0446329
0.056715
0.0654622
0.0689447
0.0661092
0.0571488
0.0436475
0.0283715
0.0146644
0.0055486
0.00278273
0.00620381
0.0136397
0.0215064
0.0259531
0.0241866
0.015493
0.0015475
-0.0141506
-0.0275505
-0.0355673
-0.0372646
-0.0342279
-0.0299604
-0.0285173
-0.0329023
-0.0438522
-0.0594876
-0.0759651
-0.0888749
-0.0948386
-0.0926975
-0.0838565
-0.071689
-0.0602626
-0.052887
-0.0510145
-0.0538547
-0.058782
-0.0623277
-0.0613791
-0.0541826
-0.0408661
-0.0233811
-0.00493826
0.0108731
0.0210508
0.0240164
0.0201498
0.0118945
0.00336733
-0.00051649
0.00472306
0.0217973
0.0505739
0.0876406
0.126775
0.160354
0.181422
0.185863
0.173974
0.150845
0.125232
0.107122
0.104627
0.121174
0.15399
0.194527
0.230909
0.251777
0.250371
0.227429
0.191756
0.157911
0.141403
0.152625
0.191353
0.243678
0.282751
0.273693
0.181901
-0.0171046
-0.328731
-0.7337
-1.18754
-1.62586
-1.97464
-2.16378
-2.14103
-1.88348
-1.40405
-0.751449
-0.00331138
0.746336
1.4029
1.88728
2.14902
2.17383
1.98418
1.6328
1.19093
0.733723
0.326353
0.013445
-0.185954
-0.277455
-0.28534
-0.243538
-0.18613
-0.139689
-0.11898
-0.126465
-0.154967
-0.192176
-0.225425
-0.245421
-0.248174
-0.235028
-0.211226
-0.183722
-0.159001
-0.141457
-0.132619
-0.131238
-0.134062
-0.137002
-0.136369
-0.129895
-0.117297
-0.100262
-0.0818454
-0.0654611
-0.0537316
-0.0475736
-0.0458274
-0.045593
-0.0431992
-0.0355013
-0.021061
-0.000774094
0.0223086
0.0439409
0.0601012
0.0683754
0.0688009
0.0638595
0.0576101
0.0542696
0.0567436
0.0656285
0.0790267
0.0932249
0.103978
0.107944
0.103772
0.0924974
0.0771447
0.061705
0.0498552
0.0438399
0.0438537
0.0480749
0.0532912
0.0558897
0.0529013
0.0428136
0.0259635
0.00444955
-0.0183705
-0.0386543
-0.0529395
-0.0589215
-0.0559941
-0.0454434
-0.0302396
-0.0144384
-0.00228609
0.00279178
-0.000925139
-0.0129439
-0.0306088
-0.0497487
-0.0657797
-0.0749564
-0.0753945
-0.0675359
-0.0538999
-0.0382068
-0.0241771
-0.0144238
-0.00981154
-0.00947267
-0.0114174
-0.0134527
-0.0140285
-0.0126903
-0.0100078
-0.00708026
-0.00489013
-0.00381605
-0.00351176
-0.00316815
-0.00199203
0.00035607
0.00358352
0.00692158
0.00951876
0.0108597
0.0109971
0.0104918
0.0101118
0.0104668
0.0117789
0.0139061
0.0165863
0.0197358
0.0235975
0.0286063
0.0350039
0.042393
0.0494968
0.0543304
0.0548041
0.0495636
0.0387155
0.0240874
0.008833
-0.00353455
-0.0103426
-0.0107229
-0.00593894
0.00108049
0.00683764
0.00856614
0.00522098
-0.0022284
-0.0112995
-0.0190623
-0.0233132
-0.0233739
-0.0202104
-0.0158718
-0.0125357
-0.0116056
-0.0132487
-0.0165419
-0.0201041
-0.0228681
-0.0245968
-0.0258884
-0.0276745
-0.0304785
-0.033832
-0.0361849
-0.0354188
-0.0297772
-0.0188101
-0.0038853
0.0120124
0.0251767
0.0324441
0.0323274
0.0255546
0.0147888
0.00363599
-0.00465809
-0.00830364
-0.00743275
-0.00378673
0.000200177
0.00250563
0.00234387
0.000387741
-0.00165993
-0.00191499
0.000812411
0.00649098
0.0138887
0.0210884
0.0262384
0.0282015
0.0268449
0.0228973
0.017503
0.0117186
0.00619762
0.00117907
-0.00326894
-0.00693241
-0.00927287
-0.00951563
-0.00698536
-0.0015298
0.00618894
0.0147069
0.0221119
0.0266181
0.0271364
0.0236085
0.0169688
0.00875419
0.000525813
-0.00665746
-0.0125058
-0.0174094
-0.0220491
-0.0268888
-0.0317749
-0.0358284
-0.0376918
-0.0360516
-0.0302397
-0.0206783
-0.00897239
0.00241844
0.0108526
0.0143102
0.0120565
0.00492471
-0.00489939
-0.0145359
-0.0212977
-0.0235011
-0.0209192
-0.0147239
-0.00695861
0.000246048
0.00540094
0.00805975
0.00876411
0.00860269
0.00861345
0.00931298
0.0105572
0.0117696
0.0123916
0.0123034
0.0119889
0.0123494
0.0142558
0.0180627
0.0233298
0.0288951
0.0332675
0.0351552
0.033881
0.0295104
0.0226679
0.0141805
0.00476712
-0.00505384
-0.0148077
-0.023789
-0.0308911
-0.034722
-0.0340373
-0.0283337
-0.0183206
-0.00600118
0.00574794
0.0139871
0.0166121
0.012985
0.00405267
-0.00806894
-0.0208385
-0.0320275
-0.0401595
-0.044531
-0.0449193
-0.0412315
-0.0333582
-0.0213494
-0.00582076
0.0116716
0.02858
0.041794
0.0484743
0.0469939
0.0375928
0.0224406
0.0050377
-0.010838
-0.0222354
-0.0277668
-0.0277217
-0.0235759
-0.0171676
-0.00993185
-0.00252096
0.00506963
0.013005
0.0210509
0.0282766
0.0331998
0.034325
0.0308243
0.0230278
0.0124756
0.00148316
-0.00760613
-0.0131638
-0.0147092
-0.012872
-0.00894077
-0.00423299
0.000413204
0.00480851
0.00920314
0.0138471
0.0185756
0.0226492
0.0249443
0.0244038
0.0205262
0.0136513
0.00489671
-0.00422774
-0.0123465
-0.0186421
-0.0229884
-0.0257579
-0.0274311
-0.0282356
-0.02802
-0.0264414
-0.023365
-0.019246
-0.0152435
-0.0129281
-0.0136441
-0.0177748
-0.0242565
-0.0306227
-0.0336639
-0.0305299
-0.0198877
-0.00268071
0.0178532
0.0369898
0.049926
0.0533228
0.0464431
0.0314709
0.012876
-0.00397391
-0.0144877
-0.0162469
-0.0096625
0.00230686
0.0152449
0.0247773
0.0279601
0.024107
0.0148231
0.00330159
-0.00681917
-0.0126206
-0.0127133
-0.0074788
0.00125146
0.0108914
0.0188939
0.0233922
0.0235425
0.0195543
0.0124859
0.0039214
-0.00438145
-0.0108258
-0.0142771
-0.0143131
-0.0113703
-0.00671492
-0.00217514
0.000354832
-0.00046779
-0.00489619
-0.0118565
-0.0191632
-0.0241817
-0.0247499
-0.0200338
-0.010975
-0.000110012
0.00922945
0.0140815
0.0129597
0.00646956
-0.00283585
-0.0113468
-0.0157314
-0.0142213
-0.00735149
0.00214914
0.0103078
0.0133651
0.00920587
-0.00177109
-0.0166774
-0.0310546
-0.0403587
-0.0414742
-0.0337204
-0.0190105
-0.00114448
0.0154741
0.0272188
0.0322427
0.0308041
0.024891
0.0173655
0.0109859
0.00764334
0.00800579
0.0115739
0.0170117
0.0225673
0.0264535
0.0271503
0.0236699
0.0158222
0.00445305
-0.00846042
-0.0200131
-0.026967
-0.0266766
-0.0180921
-0.00246565
0.0165965
0.0339031
0.0441328
0.0435442
0.0313507
0.0102271
-0.0143037
-0.0354644
-0.0472909
-0.0464868
-0.0334401
-0.012078
0.0113611
0.0301987
0.0392049
0.035928
0.0211314
-0.00167663
-0.0273497
-0.0504445
-0.0664132
-0.0724068
-0.0676235
-0.0532629
-0.0321925
-0.00840988
0.0136529
0.0299419
0.0376213
0.0357683
0.0257074
0.0107934
-0.00440262
-0.0153506
-0.0189068
-0.014303
-0.00340452
0.00990928
0.0210742
0.0264353
0.0245351
0.0166155
0.00612835
-0.00257587
-0.00589875
-0.00236343
0.00681748
0.0181935
0.0273767
0.0306977
0.026592
0.0161985
0.00295773
-0.0086275
-0.0145957
-0.0129062
-0.00410866
0.00890151
0.0219059
0.0307627
0.0326798
0.0269512
0.0149764
-0.000351093
-0.0155979
-0.0277365
-0.0348013
-0.0361368
-0.0322814
-0.0246363
-0.0150762
-0.0056004
0.00196217
0.00622295
0.00649788
0.00302163
-0.00299055
-0.0095429
-0.0143596
-0.0155934
-0.0125194
-0.00593304
0.00196798
0.00826054
0.0103447
0.00699195
-0.00102836
-0.011042
-0.0193171
-0.0223968
-0.018434
-0.00800998
0.00590921
0.0189039
0.0266057
0.0262367
0.0176223
0.00330944
-0.0122464
-0.0241287
-0.0285284
-0.0239048
-0.0113776
0.00571924
0.0229132
0.0359062
0.0417089
0.0392943
0.0296636
0.0154039
-6.07939e-05
-0.0132945
-0.021562
-0.0233198
-0.0184481
-0.00822306
0.00494679
0.0179902
0.0277916
0.0318626
0.0289297
0.0192852
0.00477896
-0.0115853
-0.0263767
-0.0366017
-0.0404639
-0.0377957
-0.0300256
-0.0196941
-0.00966594
-0.00228779
0.00125045
0.00116204
-0.0011392
-0.00360161
-0.00425941
-0.00188042
0.00366035
0.011377
0.0195107
0.0260807
0.0294653
0.0288457
0.0244002
0.017225
0.00902514
0.00167143
-0.00326572
-0.0049049
-0.00328394
0.00062205
0.005114
0.00819168
0.0081078
0.00392234
-0.00410751
-0.0144529
-0.0246339
-0.0318926
-0.0340416
-0.0302187
-0.0212709
-0.00959492
0.00155914
0.00911305
0.0111663
0.00762182
0.000194318
-0.00821098
-0.0145269
-0.0165817
-0.0137975
-0.00728502
0.000674424
0.00753609
0.011425
0.0117455
0.00926381
0.00568267
0.00291753
0.00238174
0.00454612
0.00889797
0.0142497
0.0192177
0.0226578
0.0239073
0.0228034
0.0195523
0.0145769
0.00843658
0.00183333
-0.00436249
-0.0091659
-0.0116714
-0.0113596
-0.00839551
-0.00375881
0.000913967
0.00378057
0.00340767
-0.00067762
-0.00772912
-0.0159502
-0.0230566
-0.0270379
-0.0268345
-0.0226646
-0.015879
-0.00840168
-0.00198967
0.00238673
0.00479277
0.00611517
0.00749173
0.00964641
0.0124367
0.0148321
0.015358
0.0128307
0.00706735
-0.000759758
-0.0083245
-0.0128828
-0.0122907
-0.00591191
0.00496282
0.0173936
0.0277064
0.0327281
0.0308808
0.022713
0.0106556
-0.00190454
-0.0118695
-0.0174956
-0.0188608
-0.0175652
-0.0158219
-0.0153533
-0.0165915
-0.0185384
-0.0193454
-0.0173398
-0.0120162
-0.00451331
0.00267906
0.00669061
0.00551398
-0.00102437
-0.0110069
-0.0210212
-0.0273812
-0.0274747
-0.0206903
-0.00856114
0.00589249
0.0193084
0.0291178
0.0342208
0.0349939
0.0327379
0.0289102
0.0245364
0.0200498
0.0155478
0.0112219
0.00763545
0.00562611
0.00584732
0.00820053
0.0115178
0.0137638
0.0127745
0.00725348
-0.00243362
-0.0140947
-0.0243504
-0.0298884
-0.0288333
-0.0216347
-0.011045
-0.00113152
0.00430681
0.00327424
-0.00358315
-0.0132053
-0.0213359
-0.024237
-0.0201972
-0.0102201
0.00237111
0.0132286
0.0186263
0.0167916
0.00842223
-0.00375145
-0.0160978
-0.0253932
-0.0297733
-0.0290057
-0.024091
-0.0164934
-0.00742434
0.00248384
0.013015
0.0238857
0.0342704
0.042651
0.0471289
0.0460908
0.0389279
0.0264636
0.0108682
-0.00493317
-0.0181256
-0.0267949
-0.0303381
-0.0293701
-0.0252259
-0.0193267
-0.0127092
-0.00590701
0.000818307
0.00708179
0.0120811
0.014614
0.0134567
0.00795711
-0.0014268
