1.07321e-15
3.18691e-15
3.56763e-15
2.42176e-15
1.395e-15
2.30589e-15
3.54579e-15
2.03148e-15
5.22254e-15
3.33167e-15
4.80528e-15
8.18585e-15
1.56423e-14
2.66602e-15
5.69105e-15
2.29932e-14
3.92535e-14
1.23223e-14
9.403e-15
6.42478e-14
1.00766e-13
7.9703e-14
7.59103e-14
1.52121e-13
2.29417e-13
2.96921e-13
3.30496e-13
3.80641e-13
5.37948e-13
9.98674e-13
1.21355e-12
1.03155e-12
1.36552e-12
3.13145e-12
4.01031e-12
2.97441e-12
3.66633e-12
9.12516e-12
1.19846e-11
8.40315e-12
9.70978e-12
2.44308e-11
3.24084e-11
2.19701e-11
2.38389e-11
5.95066e-11
7.90859e-11
5.12195e-11
5.15887e-11
1.2986e-10
1.72536e-10
1.02542e-10
9.18761e-11
2.46892e-10
3.28751e-10
1.61595e-10
1.08407e-10
3.805e-10
5.13224e-10
1.31377e-10
5.20503e-11
3.5062e-10
5.07562e-10
3.3242e-10
8.65189e-10
4.41102e-10
4.19222e-10
2.21303e-09
3.60103e-09
3.60839e-09
4.23452e-09
7.97993e-09
1.13188e-08
1.29904e-08
1.55806e-08
2.32448e-08
3.07637e-08
3.68581e-08
4.43161e-08
5.96098e-08
7.55255e-08
9.14049e-08
1.0935e-07
1.38754e-07
1.70338e-07
2.05171e-07
2.43104e-07
2.96683e-07
3.55013e-07
4.2247e-07
4.94126e-07
5.84947e-07
6.84133e-07
8.01491e-07
9.22967e-07
1.06319e-06
1.21635e-06
1.40094e-06
1.58533e-06
1.77706e-06
1.98769e-06
2.25107e-06
2.50007e-06
2.72057e-06
2.97016e-06
3.31322e-06
3.60963e-06
3.79357e-06
4.02917e-06
4.44402e-06
4.75186e-06
4.77461e-06
4.89989e-06
5.38111e-06
5.65593e-06
5.31614e-06
5.18002e-06
5.73035e-06
5.92408e-06
4.90454e-06
4.25632e-06
4.83609e-06
4.84304e-06
2.59359e-06
9.34627e-07
1.25318e-06
6.91669e-07
3.86705e-06
7.64963e-06
8.65055e-06
1.09778e-05
2.00725e-05
2.84357e-05
3.3573e-05
4.07155e-05
5.88093e-05
7.67791e-05
9.21932e-05
0.000110688
0.000146096
0.000182981
0.00022014
0.000262071
0.000328834
0.000400042
0.000477539
0.000562253
0.000681357
0.000809217
0.00095292
0.00110675
0.00130489
0.0015165
0.00175587
0.00200754
0.00231109
0.00263096
0.00298953
0.00335933
0.00378215
0.0042187
0.0046987
0.00518226
0.00570911
0.00623795
0.00680354
0.00735562
0.00792789
0.00847955
0.00904769
0.00957608
0.0100904
0.0105536
0.0110032
0.011383
0.0117119
0.0119594
0.0121643
0.0122755
0.0123099
0.0122451
0.0121234
0.0119022
0.0116016
0.011207
0.0107666
0.0102459
0.00967165
0.00903455
0.0083881
0.00770275
0.00701037
0.00630339
0.00563534
0.00497816
0.00436064
0.0037755
0.00326596
0.00280474
0.00240451
0.00206109
0.00179437
0.00158234
0.00140743
0.00127655
0.00117432
0.00109404
0.000977246
0.000853683
0.000665678
0.00043517
5.94603e-05
0.000396749
0.00103294
0.00178579
0.00279638
0.00395652
0.00539885
0.00701057
0.00895665
0.0110835
0.0135416
0.0161681
0.0191318
0.0222399
0.0256418
0.0291337
0.0328668
0.0366239
0.0405364
0.0443771
0.0482645
0.0519783
0.0556221
0.0589711
0.0621065
0.0648311
0.067222
0.0690858
0.070476
0.071244
0.0714527
0.0709671
0.0698316
0.0679651
0.0654339
0.0621778
0.0582522
0.0536488
0.0484504
0.0426712
0.0363886
0.0296552
0.0225702
0.0152045
0.00765177
6.09434e-15
0.00765177
0.0152045
0.0225702
0.0296552
0.0363886
0.0426712
0.0484504
0.0536488
0.0582522
0.0621778
0.0654339
0.0679651
0.0698316
0.0709671
0.0714527
0.071244
0.070476
0.0690858
0.067222
0.0648311
0.0621065
0.0589711
0.0556221
0.0519783
0.0482645
0.0443771
0.0405364
0.0366239
0.0328668
0.0291337
0.0256418
0.0222399
0.0191318
0.0161681
0.0135416
0.0110835
0.00895665
0.00701057
0.00539885
0.00395652
0.00279638
0.00178579
0.00103294
0.000396749
5.94603e-05
0.00043517
0.000665678
0.000853683
0.000977246
0.00109404
0.00117432
0.00127655
0.00140743
0.00158234
0.00179437
0.00206109
0.00240451
0.00280474
0.00326596
0.0037755
0.00436064
0.00497816
0.00563534
0.00630339
0.00701037
0.00770275
0.0083881
0.00903455
0.00967165
0.0102459
0.0107666
0.011207
0.0116016
0.0119022
0.0121234
0.0122451
0.0123099
0.0122755
0.0121643
0.0119594
0.0117119
0.011383
0.0110032
0.0105536
0.0100904
0.00957608
0.00904769
0.00847955
0.00792789
0.00735562
0.00680354
0.00623795
0.00570911
0.00518226
0.0046987
0.0042187
0.00378215
0.00335933
0.00298953
0.00263096
0.00231109
0.00200754
0.00175587
0.0015165
0.00130489
0.00110675
0.00095292
0.000809217
0.000681357
0.000562253
0.000477539
0.000400042
0.000328834
0.000262071
0.00022014
0.000182981
0.000146096
0.000110688
9.21932e-05
7.67791e-05
5.88093e-05
4.07155e-05
3.3573e-05
2.84357e-05
2.00725e-05
1.09778e-05
8.65055e-06
7.64963e-06
3.86705e-06
6.91669e-07
1.25318e-06
9.34627e-07
2.59359e-06
4.84304e-06
4.83609e-06
4.25632e-06
4.90454e-06
5.92408e-06
5.73035e-06
5.18002e-06
5.31614e-06
5.65593e-06
5.38111e-06
4.89989e-06
4.77461e-06
4.75186e-06
4.44402e-06
4.02917e-06
3.79357e-06
3.60963e-06
3.31322e-06
2.97016e-06
2.72057e-06
2.50007e-06
2.25107e-06
1.98769e-06
1.77706e-06
1.58533e-06
1.40094e-06
1.21635e-06
1.06319e-06
9.22967e-07
8.01491e-07
6.84133e-07
5.84947e-07
4.94126e-07
4.2247e-07
3.55013e-07
2.96683e-07
2.43104e-07
2.05171e-07
1.70338e-07
1.38754e-07
1.0935e-07
9.14049e-08
7.55255e-08
5.96098e-08
4.43161e-08
3.68581e-08
3.07637e-08
2.32448e-08
1.55806e-08
1.29904e-08
1.13188e-08
7.97994e-09
4.23452e-09
3.60839e-09
3.60104e-09
2.21303e-09
4.19219e-10
4.411e-10
8.65189e-10
3.32419e-10
5.07562e-10
3.5062e-10
5.20521e-11
1.31378e-10
5.13227e-10
3.805e-10
1.08406e-10
1.61596e-10
3.28752e-10
2.46893e-10
9.18724e-11
1.02542e-10
1.72536e-10
1.2986e-10
5.15862e-11
5.12202e-11
7.90883e-11
5.95115e-11
2.38414e-11
2.19723e-11
3.24109e-11
2.44366e-11
9.71341e-12
8.40731e-12
1.19857e-11
9.12781e-12
3.66895e-12
2.97724e-12
4.01073e-12
3.13255e-12
1.36686e-12
1.03257e-12
1.21255e-12
9.99809e-13
5.38733e-13
3.80453e-13
3.25585e-13
2.94324e-13
2.28534e-13
1.52012e-13
7.39823e-14
7.95355e-14
9.81839e-14
6.08797e-14
4.86084e-15
1.18399e-14
3.95583e-14
2.14967e-14
1.04435e-14
5.37284e-15
1.4885e-14
8.76079e-15
8.10348e-15
7.51001e-15
5.51129e-15
4.61169e-15
5.51001e-15
6.41231e-15
2.62728e-15
2.75245e-15
3.2857e-15
3.43875e-15
