0
0.000167771
-2.00008e-05
0.000961419
-0.000375923
0.000981208
-0.00212264
0.0019911
0.0113896
0.00170073
0.000544534
-0.00537485
-0.0729537
0.0125155
0.334252
0.64824
-4.14674
-2.57389
15.4319
-0.226267
-17.2054
-0.169013
19.8387
0.499049
-20.1113
-1.50781
18.5686
-3.34553
-20.6026
-0.427264
22.2229
-0.201684
-22.9656
0.11667
23.7463
0.136955
-24.4963
-0.568955
23.5838
0.014878
-24.8334
-1.60809
24.9217
-1.47923
-24.4894
0.848904
23.0678
-0.595116
-23.778
-0.377804
23.9843
-0.0481312
-22.4297
1.41477
22.9122
1.12254
-21.2189
-0.707738
20.8687
0.980613
-17.7187
-1.25693
21.7012
-0.0524301
-15.9335
0.888112
18.7284
-1.4137
-14.7998
1.14943
13.7951
-0.560683
-13.1661
0.167528
13.5901
-0.392377
-10.8644
1.32755
11.2928
0.972999
-10.5164
0.164988
8.49417
-0.0918557
-7.51275
-0.51207
5.20359
-1.08557
-3.79454
1.4068
2.86893
2.28093
-1.07491
0.00665841
0.796052
-0.129074
0.0756135
-0.824689
-0.00680535
-0.00126452
-0.0981429
0.0443705
0.123724
0.046847
-0.171938
0.0985718
0.227941
-0.507017
0.0346028
-0.609577
0.0595554
-0.030068
-0.0324709
1.72683
-0.0107487
0.0405148
0.0099432
0.00983746
0.0649583
0.000115457
0.12422
-0.0138645
0.0254873
-0.00291735
0.0120161
-0.0479631
0.000853381
0.00263292
0.00161641
0.0185585
-0.00188815
-0.00296436
0.0015793
9.47858e-08
2.39183e-09
3.51484e-10
1.23242e-08
-8.96671e-09
-7.95247e-10
9.03967e-09
1.70297e-08
1.02348e-08
-2.10759e-10
-5.26616e-08
-4.38738e-10
-4.51848e-08
1.03775e-07
6.1193e-08
8.5143e-08
5.09029e-08
-1.0333e-08
-4.2863e-09
6.44928e-09
-7.94763e-12
4.89575e-08
4.7582e-09
-1.30405e-07
6.35504e-08
-1.18268e-07
3.75147e-09
7.65013e-09
-3.27166e-08
-1.34694e-08
-5.04711e-09
2.51047e-09
2.7954e-07
2.87555e-07
-7.41219e-10
-1.31881e-08
-1.55312e-09
-1.34101e-08
-2.56545e-08
1.08476e-08
-2.05279e-09
-4.20624e-08
-6.2627e-09
1.40614e-07
-2.30268e-07
-1.40949e-07
4.63749e-09
5.39282e-08
4.05893e-08
-2.85062e-08
1.87606e-08
-3.67293e-09
8.9624e-11
-8.22892e-08
4.65197e-08
-3.92873e-07
5.27769e-08
-8.13014e-09
-3.19795e-08
-9.25797e-07
-2.98985e-08
-1.44023e-08
-7.65227e-08
7.46551e-08
6.27536e-08
-5.14386e-07
-1.18821e-08
-1.93361e-09
1.6167e-09
1.42886e-08
-1.43655e-08
-3.5241e-08
8.13718e-08
4.71768e-08
-5.23707e-09
-6.73488e-08
-1.69127e-07
1.02901e-08
-4.96929e-09
-1.68123e-07
6.35997e-08
-5.47485e-07
1.16317e-07
1.1378e-08
2.65877e-07
-5.4757e-07
-2.72348e-13
6.66067e-08
-6.61416e-08
-1.64848e-07
8.78291e-09
-1.28769e-08
-5.33919e-08
-1.1206e-08
6.09562e-10
-2.18102e-08
-5.6824e-10
-1.40833e-09
-2.58111e-07
1.79563e-08
-1.99313e-09
3.96145e-07
6.51678e-08
1.65367e-08
-7.88441e-09
-1.04554e-07
1.50315e-07
-1.32742e-10
-5.64179e-09
-8.82524e-08
-4.06754e-09
-2.0387e-07
-6.41773e-08
5.78276e-08
2.98751e-10
-1.1255e-07
-7.5758e-08
2.30268e-07
-6.73119e-08
-2.08528e-08
1.15236e-06
-6.17741e-08
2.58032e-07
3.71276e-08
3.3323e-08
-2.07394e-08
-5.40614e-11
1.7347e-08
-1.15456e-08
-7.61334e-08
-1.63823e-08
-2.8598e-07
-1.01099e-07
1.78063e-09
1.53683e-08
9.54473e-09
6.80261e-07
2.80708e-07
3.30858e-08
-3.60711e-08
-1.34117e-06
-5.03522e-07
-2.95315e-08
1.16755e-08
2.24354e-07
1.17191e-07
-1.80943e-07
-2.32694e-08
1.45387e-07
5.51109e-08
3.79856e-07
9.19711e-07
-1.71381e-08
1.17619e-08
2.0204e-11
-3.0822e-07
2.55608e-09
1.24322e-08
-5.50155e-08
5.4021e-08
9.90923e-07
-1.21269e-08
-1.04341e-08
1.23833e-07
-1.42833e-09
-4.10705e-10
1.538e-08
-9.98051e-10
-4.99223e-09
-4.2911e-10
8.15259e-08
1.38043e-09
6.8168e-09
-2.2704e-08
8.6087e-08
2.52341e-08
-4.87403e-08
-3.05743e-07
-2.39702e-07
1.12843e-07
1.06328e-07
2.01927e-07
-7.6948e-07
2.82126e-08
-4.16902e-09
4.48782e-10
-8.69671e-09
-5.18125e-08
1.35241e-11
3.5914e-07
6.00622e-09
3.37184e-07
-4.9993e-10
3.9488e-10
2.22301e-07
5.14224e-09
-6.65913e-07
-3.19885e-08
-9.73154e-09
-4.43798e-07
3.57494e-07
6.268e-09
-8.1304e-09
-2.47039e-09
4.44147e-07
4.0579e-08
-9.93531e-08
-1.83828e-08
-5.3034e-07
5.77797e-09
-4.14933e-08
-7.94952e-09
-4.78999e-08
2.73171e-09
-3.81988e-09
3.06956e-09
-9.82697e-09
2.70102e-07
-2.40578e-08
-2.98758e-09
-8.80533e-07
-2.98596e-09
2.25457e-07
4.43641e-07
-3.87002e-08
-1.43474e-07
-2.93412e-10
-3.24484e-08
-3.50094e-08
-9.36682e-09
-1.5776e-08
1.46216e-07
-1.25962e-08
1.14545e-08
2.55456e-08
2.66697e-08
-4.42236e-07
-1.41916e-08
3.69848e-09
1.62454e-07
1.91581e-08
3.55656e-10
8.53075e-08
-2.43787e-07
-9.53142e-08
-4.50385e-07
2.14033e-09
-1.05976e-07
-1.96529e-08
1.07174e-08
9.75169e-08
1.28907e-08
8.83072e-09
-6.09414e-09
-2.68617e-09
-5.03087e-08
-4.6451e-08
9.15933e-08
1.19316e-07
-1.28292e-07
6.73719e-08
-4.6622e-08
-1.94056e-08
1.53028e-07
4.17952e-07
-3.54814e-07
-8.74723e-07
1.13381e-08
3.93263e-08
-1.97858e-08
3.1595e-11
1.0097e-08
-1.6112e-07
-1.07892e-07
2.29804e-07
6.03602e-08
2.38334e-07
1.6104e-08
-7.9773e-08
-3.23162e-08
-4.00983e-08
7.9917e-07
-3.66221e-08
1.94156e-07
-1.57099e-08
-3.25457e-08
-1.23642e-07
3.04602e-07
-6.0916e-08
1.78871e-09
6.81641e-10
2.73503e-07
2.01774e-07
5.77058e-08
1.70248e-07
-7.9152e-08
2.21921e-08
-1.97896e-08
-7.80824e-07
1.05247e-10
-4.73656e-09
-1.21445e-09
1.35008e-08
2.82079e-08
-6.72088e-08
3.57283e-09
-2.60015e-10
7.93117e-09
-6.27656e-08
-2.05501e-08
2.01848e-08
5.48801e-09
1.57383e-08
6.37722e-08
8.80398e-09
-1.75695e-07
-3.48684e-08
5.39882e-09
-8.95679e-08
2.57835e-08
1.7118e-08
-1.92776e-08
-1.85926e-07
-2.61946e-08
6.85016e-10
5.74619e-09
9.78652e-10
-1.04008e-08
2.94459e-09
9.85341e-09
-8.40988e-08
-9.0356e-08
-9.76742e-10
1.20193e-10
-1.50992e-07
-2.79736e-08
3.84102e-08
-5.68712e-09
-1.12682e-07
2.35801e-08
-3.64351e-07
3.73202e-07
8.02821e-08
-2.00936e-09
1.78933e-08
3.34845e-07
1.23154e-09
-1.27929e-07
5.40113e-08
1.83327e-10
9.692e-09
1.36681e-07
6.93456e-09
9.56216e-08
4.96802e-08
-6.05207e-09
6.56063e-09
-3.70428e-07
-2.85007e-08
-7.28269e-08
1.36161e-07
1.61184e-09
7.00222e-08
-1.3612e-08
-1.56184e-07
7.43175e-08
-8.75571e-08
-4.89983e-07
-5.35718e-09
-7.46761e-09
-1.34595e-08
-1.1004e-08
-5.49457e-08
-3.00451e-09
-1.12388e-08
2.83706e-07
3.40672e-09
-2.41357e-08
-1.50613e-11
0
1.50613e-11
2.41357e-08
-3.40672e-09
-2.83706e-07
1.12388e-08
3.00451e-09
5.49457e-08
1.1004e-08
1.34595e-08
7.46761e-09
5.35718e-09
4.89983e-07
8.75571e-08
-7.43175e-08
1.56184e-07
1.3612e-08
-7.00222e-08
-1.61184e-09
-1.36161e-07
7.28269e-08
2.85007e-08
3.70428e-07
-6.56063e-09
6.05207e-09
-4.96802e-08
-9.56216e-08
-6.93456e-09
-1.36681e-07
-9.692e-09
-1.83327e-10
-5.40113e-08
1.27929e-07
-1.23154e-09
-3.34845e-07
-1.78933e-08
2.00936e-09
-8.02821e-08
-3.73202e-07
3.64351e-07
-2.35801e-08
1.12682e-07
5.68712e-09
-3.84102e-08
2.79736e-08
1.50992e-07
-1.20193e-10
9.76742e-10
9.0356e-08
8.40988e-08
-9.85341e-09
-2.94459e-09
1.04008e-08
-9.78652e-10
-5.74619e-09
-6.85016e-10
2.61946e-08
1.85926e-07
1.92776e-08
-1.7118e-08
-2.57835e-08
8.95679e-08
-5.39882e-09
3.48684e-08
1.75695e-07
-8.80398e-09
-6.37722e-08
-1.57383e-08
-5.48801e-09
-2.01848e-08
2.05501e-08
6.27656e-08
-7.93117e-09
2.60015e-10
-3.57283e-09
6.72088e-08
-2.82079e-08
-1.35008e-08
1.21445e-09
4.73656e-09
-1.05247e-10
7.80824e-07
1.97896e-08
-2.21921e-08
7.9152e-08
-1.70248e-07
-5.77058e-08
-2.01774e-07
-2.73503e-07
-6.81641e-10
-1.78871e-09
6.0916e-08
-3.04602e-07
1.23642e-07
3.25457e-08
1.57099e-08
-1.94156e-07
3.66221e-08
-7.9917e-07
4.00983e-08
3.23162e-08
7.9773e-08
-1.6104e-08
-2.38334e-07
-6.03602e-08
-2.29804e-07
1.07892e-07
1.6112e-07
-1.0097e-08
-3.1595e-11
1.97858e-08
-3.93263e-08
-1.13381e-08
8.74723e-07
3.54814e-07
-4.17952e-07
-1.53028e-07
1.94056e-08
4.6622e-08
-6.73719e-08
1.28292e-07
-1.19316e-07
-9.15933e-08
4.6451e-08
5.03087e-08
2.68617e-09
6.09414e-09
-8.83072e-09
-1.28907e-08
-9.75169e-08
-1.07174e-08
1.96529e-08
1.05976e-07
-2.14033e-09
4.50385e-07
9.53142e-08
2.43787e-07
-8.53075e-08
-3.55657e-10
-1.91581e-08
-1.62454e-07
-3.69848e-09
1.41916e-08
4.42236e-07
-2.66697e-08
-2.55456e-08
-1.14545e-08
1.25962e-08
-1.46216e-07
1.5776e-08
9.36682e-09
3.50094e-08
3.24484e-08
2.93412e-10
1.43474e-07
3.87002e-08
-4.43641e-07
-2.25457e-07
2.98596e-09
8.80533e-07
2.98758e-09
2.40578e-08
-2.70102e-07
9.82697e-09
-3.06956e-09
3.81988e-09
-2.73171e-09
4.78999e-08
7.94952e-09
4.14933e-08
-5.77797e-09
5.3034e-07
1.83828e-08
9.93531e-08
-4.0579e-08
-4.44147e-07
2.47039e-09
8.1304e-09
-6.268e-09
-3.57494e-07
4.43798e-07
9.73154e-09
3.19885e-08
6.65913e-07
-5.14224e-09
-2.22301e-07
-3.9488e-10
4.9993e-10
-3.37184e-07
-6.00622e-09
-3.5914e-07
-1.35241e-11
5.18125e-08
8.69671e-09
-4.48782e-10
4.16902e-09
-2.82126e-08
7.6948e-07
-2.01927e-07
-1.06328e-07
-1.12843e-07
2.39702e-07
3.05743e-07
4.87403e-08
-2.52341e-08
-8.6087e-08
2.2704e-08
-6.8168e-09
-1.38043e-09
-8.15259e-08
4.2911e-10
4.99223e-09
9.98051e-10
-1.538e-08
4.10705e-10
1.42833e-09
-1.23833e-07
1.04341e-08
1.21269e-08
-9.90923e-07
-5.4021e-08
5.50155e-08
-1.24322e-08
-2.55608e-09
3.0822e-07
-2.0204e-11
-1.17619e-08
1.71381e-08
-9.19711e-07
-3.79856e-07
-5.51109e-08
-1.45387e-07
2.32694e-08
1.80943e-07
-1.17191e-07
-2.24354e-07
-1.16755e-08
2.95315e-08
5.03522e-07
1.34117e-06
3.60711e-08
-3.30858e-08
-2.80708e-07
-6.80261e-07
-9.54473e-09
-1.53683e-08
-1.78063e-09
1.01099e-07
2.8598e-07
1.63823e-08
7.61334e-08
1.15456e-08
-1.7347e-08
5.40614e-11
2.07394e-08
-3.3323e-08
-3.71276e-08
-2.58032e-07
6.17741e-08
-1.15236e-06
2.08528e-08
6.73119e-08
-2.30268e-07
7.5758e-08
1.1255e-07
-2.98751e-10
-5.78276e-08
6.41773e-08
2.0387e-07
4.06754e-09
8.82524e-08
5.64179e-09
1.32742e-10
-1.50315e-07
1.04554e-07
7.88441e-09
-1.65367e-08
-6.51678e-08
-3.96145e-07
1.99313e-09
-1.79563e-08
2.58111e-07
1.40833e-09
5.6824e-10
2.18102e-08
-6.09562e-10
1.1206e-08
5.33919e-08
1.28769e-08
-8.78291e-09
1.64848e-07
6.61416e-08
-6.66067e-08
2.72348e-13
5.4757e-07
-2.65877e-07
-1.1378e-08
-1.16317e-07
5.47485e-07
-6.35997e-08
1.68123e-07
4.96929e-09
-1.02901e-08
1.69127e-07
6.73488e-08
5.23707e-09
-4.71768e-08
-8.13718e-08
3.5241e-08
1.43655e-08
-1.42886e-08
-1.6167e-09
1.93361e-09
1.18821e-08
5.14386e-07
-6.27536e-08
-7.46551e-08
7.65227e-08
1.44023e-08
2.98985e-08
9.25797e-07
3.19795e-08
8.13014e-09
-5.27769e-08
3.92873e-07
-4.65197e-08
8.22892e-08
-8.9624e-11
3.67293e-09
-1.87606e-08
2.85062e-08
-4.05893e-08
-5.39282e-08
-4.63749e-09
1.40949e-07
2.30268e-07
-1.40614e-07
6.2627e-09
4.20624e-08
2.05279e-09
-1.08476e-08
2.56545e-08
1.34101e-08
1.55312e-09
1.31881e-08
7.41219e-10
-2.87555e-07
-2.7954e-07
-2.51047e-09
5.04711e-09
1.34694e-08
3.27166e-08
-7.65013e-09
-3.75147e-09
1.18268e-07
-6.35504e-08
1.30405e-07
-4.7582e-09
-4.89575e-08
7.94763e-12
-6.44928e-09
4.2863e-09
1.0333e-08
-5.09029e-08
-8.5143e-08
-6.1193e-08
-1.03775e-07
4.51848e-08
4.38738e-10
5.26616e-08
2.10759e-10
-1.02348e-08
-1.70297e-08
-9.03967e-09
7.95247e-10
8.96671e-09
-1.23242e-08
-3.51484e-10
-2.39183e-09
-9.47858e-08
-0.0015793
0.00296436
0.00188815
-0.0185585
-0.00161641
-0.00263292
-0.000853381
0.0479631
-0.0120161
0.00291735
-0.0254873
0.0138645
-0.12422
-0.000115457
-0.0649583
-0.00983746
-0.0099432
-0.0405148
0.0107487
-1.72683
0.0324709
0.030068
-0.0595554
0.609577
-0.0346028
0.507017
-0.227941
-0.0985718
0.171938
-0.046847
-0.123724
-0.0443705
0.0981429
0.00126452
0.00680535
0.824689
-0.0756135
0.129074
-0.796052
-0.00665841
1.07491
-2.28093
-2.86893
-1.4068
3.79454
1.08557
-5.20359
0.51207
7.51275
0.0918557
-8.49417
-0.164988
10.5164
-0.972999
-11.2928
-1.32755
10.8644
0.392377
-13.5901
-0.167528
13.1661
0.560683
-13.7951
-1.14943
14.7998
1.4137
-18.7284
-0.888112
15.9335
0.0524301
-21.7012
1.25693
17.7187
-0.980613
-20.8687
0.707738
21.2189
-1.12254
-22.9122
-1.41477
22.4297
0.0481312
-23.9843
0.377804
23.778
0.595116
-23.0678
-0.848904
24.4894
1.47923
-24.9217
1.60809
24.8334
-0.014878
-23.5838
0.568955
24.4963
-0.136955
-23.7463
-0.11667
22.9656
0.201684
-22.2229
0.427264
20.6026
3.34553
-18.5686
1.50781
20.1113
-0.499049
-19.8387
0.169013
17.2054
0.226267
-15.4319
2.57389
4.14674
-0.64824
-0.334252
-0.0125155
0.0729537
0.00537485
-0.000544534
-0.00170073
-0.0113896
-0.0019911
0.00212264
-0.000981208
0.000375923
-0.000961419
2.00008e-05
-0.000167771
