0.00434602
0.000396201
0.000222178
0.000322121
0.000151559
-2.95919e-05
-0.000374262
-0.00272551
-0.00158627
-0.00342878
0.00521539
0.100621
0.00991467
-0.0394402
0.208079
3.21228
0.761496
-10.5134
1.48921
15.3539
-0.22088
-18.0824
0.70349
18.5846
-0.799587
-20.5528
-0.502105
20.7229
-0.615499
-21.0294
-0.626898
21.3921
0.842852
-23.5595
0.391917
23.0467
-0.14653
-24.2781
0.382898
24.098
-1.115
-24.2879
0.255044
23.711
0.983697
-23.8276
-0.0200653
23.6385
0.276746
-23.0565
-0.784721
24.0155
-1.81468
-21.2025
-0.795981
22.9559
0.0684814
-21.0589
-0.971215
19.2085
0.56719
-19.4344
0.160874
17.6622
1.49107
-18.7422
-1.02428
14.008
1.00322
-15.4594
-0.25315
13.7709
0.723348
-13.9735
-0.170648
11.7407
-3.16588
-12.3244
2.16796
8.74549
-0.527725
-7.80084
0.182659
7.92509
0.391097
-6.69832
-0.954887
8.61822
0.55143
-8.55493
0.333535
4.57694
0.786925
-0.00256906
-0.0523517
0.1418
-0.129193
-1.40116
-0.0393481
0.000343206
0.09034
0.0219839
0.12379
0.142341
0.266038
-0.0172181
0.0234194
-0.284353
0.041242
0.496686
0.292797
0.0136357
0.106119
1.2179
0.147215
0.0707967
0.0499467
-0.0427359
-0.322968
-0.0244193
-0.310237
0.0148344
-0.132963
-0.00250265
-0.00935688
0.100493
-0.0196623
-0.00763619
-0.0192515
0.00897674
0.00143793
0.00830716
-0.0141048
1.08608e-08
-3.52175e-09
1.32099e-08
-3.28689e-09
-3.94344e-08
-1.30642e-07
-2.07013e-08
3.74135e-08
-1.3431e-08
-4.45741e-10
9.215e-08
-2.74988e-10
-2.71411e-07
-2.44073e-09
-2.93876e-07
3.98444e-08
-3.73151e-09
-3.82969e-08
-1.09989e-08
6.87789e-09
7.96809e-12
-1.33887e-08
-7.40033e-08
6.40907e-08
-2.07232e-07
-3.57891e-08
-7.26537e-09
1.21493e-07
-2.8829e-08
6.24929e-08
-4.53414e-10
-4.55526e-09
-4.071e-08
4.1078e-07
1.3817e-10
3.58638e-08
1.57352e-08
-4.51043e-08
-3.086e-10
-6.542e-11
-3.02076e-08
8.86842e-08
3.14073e-07
-5.98762e-07
-3.32233e-07
6.48088e-08
9.6914e-09
1.55492e-07
-4.89517e-10
2.49485e-08
-2.97926e-09
1.11461e-08
1.02788e-09
3.1885e-08
-3.73561e-08
-1.85854e-07
-1.53015e-08
1.66108e-08
-2.7423e-08
3.74838e-07
2.16841e-07
6.57073e-09
1.78161e-07
8.1981e-08
8.03133e-08
-6.76912e-08
2.92433e-09
5.01768e-08
1.44023e-09
-1.84282e-07
3.07344e-08
7.06485e-08
1.89305e-07
3.56252e-08
8.40656e-09
-3.8479e-08
-3.97231e-07
5.41087e-08
4.54195e-08
1.0713e-07
-1.31058e-08
3.77284e-08
1.13868e-08
6.98649e-08
-1.53252e-07
3.89358e-07
2.92789e-12
-4.44569e-08
-1.74421e-07
2.06289e-07
-4.03581e-09
3.20637e-08
-1.69664e-07
-5.61377e-08
1.81728e-08
-7.31586e-09
5.60436e-10
7.91909e-10
2.74452e-07
-5.64424e-08
-2.38584e-08
1.28036e-07
8.93936e-08
-3.41338e-08
8.08706e-09
-5.23156e-08
5.01689e-08
5.57973e-10
4.16106e-10
-7.78718e-07
9.74224e-09
-2.97154e-08
-2.41158e-08
1.09888e-07
6.24718e-09
-2.24428e-07
5.03755e-09
1.89655e-07
1.61689e-06
-1.65631e-07
-4.59162e-07
-9.22476e-08
-7.8979e-07
3.6847e-08
9.18894e-09
6.42208e-10
1.87578e-10
1.66212e-09
-9.39573e-09
2.06414e-08
3.31961e-09
-1.3711e-07
5.11072e-08
1.41597e-08
-2.1452e-07
-9.78229e-07
2.46869e-07
2.89411e-07
-6.40839e-08
-1.16099e-07
-7.21212e-07
-1.87979e-08
-2.12206e-08
2.02997e-08
-1.98965e-07
-1.26924e-07
-4.91463e-07
-5.59704e-08
-3.20987e-08
-6.51005e-09
4.12228e-07
6.08773e-07
1.96232e-08
-5.2275e-09
-3.00216e-11
3.62267e-07
-2.30007e-09
3.69689e-08
-7.7073e-08
-1.52984e-07
-8.97344e-07
-1.26609e-07
7.27327e-08
2.79871e-09
3.14355e-08
-7.81299e-09
-1.10984e-07
-1.83972e-08
1.46166e-08
3.02791e-10
-3.31736e-09
-1.65443e-09
3.78094e-09
6.65815e-10
1.27901e-07
4.43843e-08
-9.05437e-08
5.7862e-08
8.96717e-08
4.37285e-08
-2.1649e-07
-8.8904e-08
1.9745e-07
3.90744e-08
-1.23255e-08
2.57516e-09
1.395e-08
2.52929e-07
3.43e-11
-4.21358e-07
1.06358e-08
-2.70424e-07
4.34187e-10
-7.83397e-10
4.73305e-08
2.34781e-09
-1.24128e-07
8.1117e-09
-4.64444e-08
4.1433e-07
-2.8555e-08
5.30295e-09
9.66106e-09
-4.54494e-07
8.09098e-07
-2.52834e-08
-2.41709e-07
-1.41614e-08
-4.25769e-07
1.68237e-08
-8.13058e-08
-9.0868e-08
-9.10135e-08
-1.85304e-09
-4.47713e-11
2.07641e-09
-3.99478e-09
-3.05514e-07
4.96311e-08
6.68135e-09
4.97919e-07
3.35927e-08
2.21757e-07
3.71064e-07
-2.20461e-07
-4.07667e-07
-1.13952e-09
4.4436e-08
5.25436e-08
-1.73715e-07
-2.78569e-08
6.9925e-08
3.81212e-09
7.40318e-08
7.90301e-09
1.11956e-08
-1.93859e-08
3.20227e-08
4.53189e-08
7.13675e-08
-1.29948e-08
-2.8914e-07
9.6637e-08
-3.22786e-08
-4.72367e-07
1.91083e-07
3.55438e-09
2.58784e-08
-1.26242e-07
2.67756e-08
-7.01934e-07
2.71569e-08
5.38949e-08
4.70056e-09
3.34216e-09
-8.95961e-08
-3.72812e-08
1.29644e-08
3.98722e-08
1.46061e-07
1.72692e-07
1.34115e-07
2.3489e-08
-8.74303e-08
1.67813e-08
-6.30455e-07
-8.40051e-07
2.33067e-08
2.62745e-08
2.18441e-08
1.375e-10
1.83802e-07
5.46186e-08
-2.71255e-07
-1.43111e-06
1.8286e-07
4.0043e-07
1.125e-08
-1.07447e-07
-1.35341e-08
-8.84632e-08
-1.29628e-07
4.35599e-08
1.02124e-07
5.5016e-07
5.58749e-08
9.72357e-08
-3.44397e-09
-1.22252e-08
2.36103e-08
-6.54025e-10
3.12065e-07
7.94253e-08
4.55302e-07
2.90326e-07
8.98645e-08
4.22307e-09
-1.72231e-08
-1.32135e-07
1.6553e-10
6.1149e-09
-2.7687e-08
-8.52404e-09
5.14766e-09
-5.41469e-08
3.13934e-09
-1.74393e-10
1.81126e-08
-8.45873e-08
5.90235e-08
3.44163e-08
-1.45832e-09
3.04576e-08
9.89194e-08
1.65967e-08
1.23727e-07
-7.15729e-09
4.88341e-08
3.65698e-07
-7.96092e-09
5.76809e-09
2.42868e-08
-5.2741e-08
1.13075e-07
1.71532e-08
-4.45946e-11
-8.37829e-10
-2.82755e-09
1.70977e-09
4.02991e-08
-1.67339e-07
9.06841e-09
-3.40477e-09
-3.32686e-09
4.61968e-08
1.11387e-07
4.36351e-08
-2.61488e-08
-1.73208e-07
5.00319e-09
1.46678e-07
-1.92704e-07
-5.0377e-08
-1.47196e-09
5.57164e-10
4.36611e-07
1.93838e-08
5.22341e-09
-4.54656e-08
-6.57642e-10
-1.09222e-08
-1.12929e-08
-1.30534e-10
-8.76547e-08
1.17627e-07
-1.64538e-09
1.00746e-08
9.96529e-08
4.80996e-08
-1.21076e-06
-2.12755e-07
-1.54504e-08
3.55396e-08
2.94963e-08
3.41687e-09
2.62549e-08
6.81633e-08
7.07908e-07
-6.64938e-10
-5.27892e-09
3.41033e-08
-1.13114e-08
-3.9992e-08
2.81227e-09
3.15771e-08
3.48196e-08
1.89898e-08
1.18571e-07
3.59862e-11
5.2418e-09
3.59862e-11
1.18571e-07
1.89898e-08
3.48196e-08
3.15771e-08
2.81227e-09
-3.9992e-08
-1.13114e-08
3.41033e-08
-5.27892e-09
-6.64938e-10
7.07908e-07
6.81633e-08
2.62549e-08
3.41687e-09
2.94963e-08
3.55396e-08
-1.54504e-08
-2.12755e-07
-1.21076e-06
4.80996e-08
9.96529e-08
1.00746e-08
-1.64538e-09
1.17627e-07
-8.76547e-08
-1.30534e-10
-1.12929e-08
-1.09222e-08
-6.57642e-10
-4.54656e-08
5.22341e-09
1.93838e-08
4.36611e-07
5.57164e-10
-1.47196e-09
-5.0377e-08
-1.92704e-07
1.46678e-07
5.00319e-09
-1.73208e-07
-2.61488e-08
4.36351e-08
1.11387e-07
4.61968e-08
-3.32686e-09
-3.40477e-09
9.06841e-09
-1.67339e-07
4.02991e-08
1.70977e-09
-2.82755e-09
-8.37829e-10
-4.45946e-11
1.71532e-08
1.13075e-07
-5.2741e-08
2.42868e-08
5.76809e-09
-7.96092e-09
3.65698e-07
4.88341e-08
-7.15729e-09
1.23727e-07
1.65967e-08
9.89194e-08
3.04576e-08
-1.45832e-09
3.44163e-08
5.90235e-08
-8.45873e-08
1.81126e-08
-1.74393e-10
3.13934e-09
-5.41469e-08
5.14766e-09
-8.52404e-09
-2.7687e-08
6.1149e-09
1.6553e-10
-1.32135e-07
-1.72231e-08
4.22307e-09
8.98645e-08
2.90326e-07
4.55302e-07
7.94253e-08
3.12065e-07
-6.54025e-10
2.36103e-08
-1.22252e-08
-3.44397e-09
9.72357e-08
5.58749e-08
5.5016e-07
1.02124e-07
4.35599e-08
-1.29628e-07
-8.84632e-08
-1.35341e-08
-1.07447e-07
1.125e-08
4.0043e-07
1.8286e-07
-1.43111e-06
-2.71255e-07
5.46186e-08
1.83802e-07
1.375e-10
2.18441e-08
2.62745e-08
2.33067e-08
-8.40051e-07
-6.30455e-07
1.67813e-08
-8.74303e-08
2.3489e-08
1.34115e-07
1.72692e-07
1.46061e-07
3.98722e-08
1.29644e-08
-3.72812e-08
-8.95961e-08
3.34216e-09
4.70056e-09
5.38949e-08
2.71569e-08
-7.01934e-07
2.67756e-08
-1.26242e-07
2.58784e-08
3.55438e-09
1.91083e-07
-4.72367e-07
-3.22786e-08
9.6637e-08
-2.8914e-07
-1.29948e-08
7.13675e-08
4.53189e-08
3.20227e-08
-1.93859e-08
1.11956e-08
7.90301e-09
7.40318e-08
3.81212e-09
6.9925e-08
-2.78569e-08
-1.73715e-07
5.25436e-08
4.4436e-08
-1.13952e-09
-4.07667e-07
-2.20461e-07
3.71064e-07
2.21757e-07
3.35927e-08
4.97919e-07
6.68135e-09
4.96311e-08
-3.05514e-07
-3.99478e-09
2.07641e-09
-4.47713e-11
-1.85304e-09
-9.10135e-08
-9.0868e-08
-8.13058e-08
1.68237e-08
-4.25769e-07
-1.41614e-08
-2.41709e-07
-2.52834e-08
8.09098e-07
-4.54494e-07
9.66106e-09
5.30295e-09
-2.8555e-08
4.1433e-07
-4.64444e-08
8.1117e-09
-1.24128e-07
2.34781e-09
4.73305e-08
-7.83397e-10
4.34187e-10
-2.70424e-07
1.06358e-08
-4.21358e-07
3.43e-11
2.52929e-07
1.395e-08
2.57516e-09
-1.23255e-08
3.90744e-08
1.9745e-07
-8.8904e-08
-2.1649e-07
4.37285e-08
8.96717e-08
5.7862e-08
-9.05437e-08
4.43843e-08
1.27901e-07
6.65815e-10
3.78094e-09
-1.65443e-09
-3.31736e-09
3.02791e-10
1.46166e-08
-1.83972e-08
-1.10984e-07
-7.81299e-09
3.14355e-08
2.79871e-09
7.27327e-08
-1.26609e-07
-8.97344e-07
-1.52984e-07
-7.7073e-08
3.69689e-08
-2.30007e-09
3.62267e-07
-3.00216e-11
-5.2275e-09
1.96232e-08
6.08773e-07
4.12228e-07
-6.51005e-09
-3.20987e-08
-5.59704e-08
-4.91463e-07
-1.26924e-07
-1.98965e-07
2.02997e-08
-2.12206e-08
-1.87979e-08
-7.21212e-07
-1.16099e-07
-6.40839e-08
2.89411e-07
2.46869e-07
-9.78229e-07
-2.1452e-07
1.41597e-08
5.11072e-08
-1.3711e-07
3.31961e-09
2.06414e-08
-9.39573e-09
1.66212e-09
1.87578e-10
6.42208e-10
9.18894e-09
3.6847e-08
-7.8979e-07
-9.22476e-08
-4.59162e-07
-1.65631e-07
1.61689e-06
1.89655e-07
5.03755e-09
-2.24428e-07
6.24718e-09
1.09888e-07
-2.41158e-08
-2.97154e-08
9.74224e-09
-7.78718e-07
4.16106e-10
5.57973e-10
5.01689e-08
-5.23156e-08
8.08706e-09
-3.41338e-08
8.93936e-08
1.28036e-07
-2.38584e-08
-5.64424e-08
2.74452e-07
7.91909e-10
5.60436e-10
-7.31586e-09
1.81728e-08
-5.61377e-08
-1.69664e-07
3.20637e-08
-4.03581e-09
2.06289e-07
-1.74421e-07
-4.44569e-08
2.92789e-12
3.89358e-07
-1.53252e-07
6.98649e-08
1.13868e-08
3.77284e-08
-1.31058e-08
1.0713e-07
4.54195e-08
5.41087e-08
-3.97231e-07
-3.8479e-08
8.40656e-09
3.56252e-08
1.89305e-07
7.06485e-08
3.07344e-08
-1.84282e-07
1.44023e-09
5.01768e-08
2.92433e-09
-6.76912e-08
8.03133e-08
8.1981e-08
1.78161e-07
6.57073e-09
2.16841e-07
3.74838e-07
-2.7423e-08
1.66108e-08
-1.53015e-08
-1.85854e-07
-3.73561e-08
3.1885e-08
1.02788e-09
1.11461e-08
-2.97926e-09
2.49485e-08
-4.89517e-10
1.55492e-07
9.6914e-09
6.48088e-08
-3.32233e-07
-5.98762e-07
3.14073e-07
8.86842e-08
-3.02076e-08
-6.542e-11
-3.086e-10
-4.51043e-08
1.57352e-08
3.58638e-08
1.3817e-10
4.1078e-07
-4.071e-08
-4.55526e-09
-4.53414e-10
6.24929e-08
-2.8829e-08
1.21493e-07
-7.26537e-09
-3.57891e-08
-2.07232e-07
6.40907e-08
-7.40033e-08
-1.33887e-08
7.96809e-12
6.87789e-09
-1.09989e-08
-3.82969e-08
-3.73151e-09
3.98444e-08
-2.93876e-07
-2.44073e-09
-2.71411e-07
-2.74988e-10
9.215e-08
-4.45741e-10
-1.3431e-08
3.74135e-08
-2.07013e-08
-1.30642e-07
-3.94344e-08
-3.28689e-09
1.32099e-08
-3.52175e-09
1.08608e-08
-0.0141048
0.00830716
0.00143793
0.00897674
-0.0192515
-0.00763619
-0.0196623
0.100493
-0.00935688
-0.00250265
-0.132963
0.0148344
-0.310237
-0.0244193
-0.322968
-0.0427359
0.0499467
0.0707967
0.147215
1.2179
0.106119
0.0136357
0.292797
0.496686
0.041242
-0.284353
0.0234194
-0.0172181
0.266038
0.142341
0.12379
0.0219839
0.09034
0.000343206
-0.0393481
-1.40116
-0.129193
0.1418
-0.0523517
-0.00256906
0.786925
4.57694
0.333535
-8.55493
0.55143
8.61822
-0.954887
-6.69832
0.391097
7.92509
0.182659
-7.80084
-0.527725
8.74549
2.16796
-12.3244
-3.16588
11.7407
-0.170648
-13.9735
0.723348
13.7709
-0.25315
-15.4594
1.00322
14.008
-1.02428
-18.7422
1.49107
17.6622
0.160874
-19.4344
0.56719
19.2085
-0.971215
-21.0589
0.0684814
22.9559
-0.795981
-21.2025
-1.81468
24.0155
-0.784721
-23.0565
0.276746
23.6385
-0.0200653
-23.8276
0.983697
23.711
0.255044
-24.2879
-1.115
24.098
0.382898
-24.2781
-0.14653
23.0467
0.391917
-23.5595
0.842852
21.3921
-0.626898
-21.0294
-0.615499
20.7229
-0.502105
-20.5528
-0.799587
18.5846
0.70349
-18.0824
-0.22088
15.3539
1.48921
-10.5134
0.761496
3.21228
0.208079
-0.0394402
0.00991467
0.100621
0.00521539
-0.00342878
-0.00158627
-0.00272551
-0.000374262
-2.95919e-05
0.000151559
0.000322121
0.000222178
0.000396201
