2.79894e-16
7.95872e-17
2.42028e-16
6.63484e-16
-1.83637e-18
8.45562e-16
4.64217e-16
9.6051e-16
9.00545e-16
7.13466e-16
5.2699e-16
7.93866e-16
1.16172e-16
1.97342e-16
5.48776e-16
2.18274e-16
-1.54816e-16
1.07148e-16
2.67368e-16
-6.69215e-16
-9.00692e-16
-5.46435e-16
7.06019e-17
-1.19103e-15
-1.17423e-15
-4.59797e-16
-1.10084e-15
-3.62383e-16
-8.61144e-16
-3.52298e-17
-7.74076e-16
-8.14168e-16
-3.2898e-16
2.91818e-16
-1.47006e-16
-9.02642e-17
2.84331e-16
-2.49241e-17
-3.57529e-16
9.09421e-16
6.90212e-16
2.37423e-16
4.66775e-16
4.00078e-16
8.2171e-16
-6.01289e-16
3.8427e-16
4.25781e-16
8.90728e-16
-1.43053e-17
3.47384e-16
4.57204e-16
4.28993e-16
-1.37731e-16
-1.55988e-16
-7.48219e-16
-3.09784e-16
-9.11552e-16
3.45771e-16
-4.54652e-16
8.83572e-18
-5.49463e-16
-1.60205e-15
-2.89878e-15
-7.6281e-15
-1.73052e-14
-4.26936e-14
-1.00379e-13
-2.36132e-13
-5.4504e-13
-1.2346e-12
-2.74952e-12
-6.01244e-12
-1.29115e-11
-2.7227e-11
-5.63638e-11
-1.14532e-10
-2.28402e-10
-4.4694e-10
-8.57983e-10
-1.61543e-09
-2.98242e-09
-5.3975e-09
-9.5724e-09
-1.66301e-08
-2.829e-08
-4.71009e-08
-7.67082e-08
-1.22121e-07
-1.89906e-07
-2.88197e-07
-4.26342e-07
-6.13961e-07
-8.59164e-07
-1.16567e-06
-1.52867e-06
-1.92953e-06
-2.32967e-06
-2.66465e-06
-2.83987e-06
-2.73008e-06
-2.18517e-06
-1.04471e-06
8.37013e-07
3.55534e-06
7.11139e-06
1.13657e-05
1.59986e-05
2.0489e-05
2.41247e-05
2.6055e-05
2.53914e-05
2.13525e-05
1.34384e-05
1.60754e-06
-1.35808e-05
-3.08965e-05
-4.84782e-05
-6.39989e-05
-7.49579e-05
-7.90633e-05
-7.46512e-05
-6.10612e-05
-3.88905e-05
-1.00572e-05
2.23623e-05
5.45163e-05
8.23276e-05
0.000102121
0.000111213
0.000108354
9.39371e-05
6.9933e-05
3.95609e-05
6.76481e-06
-2.44093e-05
-5.04169e-05
-6.86948e-05
-7.79438e-05
-7.81823e-05
-7.05858e-05
-5.71656e-05
-4.03632e-05
-2.26396e-05
-6.13032e-06
7.58916e-06
1.7608e-05
2.36642e-05
2.6036e-05
2.5378e-05
2.25416e-05
1.84122e-05
1.37844e-05
9.28344e-06
5.33453e-06
2.16838e-06
-1.4719e-07
-1.66318e-06
-2.5034e-06
-2.82402e-06
-2.78282e-06
-2.51924e-06
-2.14427e-06
-1.7379e-06
-1.35172e-06
-1.01414e-06
-7.36595e-07
-5.19313e-07
-3.56099e-07
-2.37867e-07
-1.54975e-07
-9.85819e-08
-6.12782e-08
-3.72474e-08
-2.21527e-08
-1.28981e-08
-7.35506e-09
-4.10939e-09
-2.25035e-09
-1.2082e-09
-6.36145e-10
-3.28559e-10
-1.66497e-10
-8.27989e-11
-4.04145e-11
-1.93654e-11
-9.11034e-12
-4.20884e-12
-1.9093e-12
-8.51002e-13
-3.72369e-13
-1.60303e-13
-6.73551e-14
-2.80633e-14
-1.06499e-14
-4.47e-15
-2.29799e-15
-5.88824e-16
-1.46421e-16
-4.63502e-16
4.70078e-17
8.49307e-16
-2.00082e-16
-7.18759e-16
-7.34771e-16
-5.37307e-16
-3.22735e-16
-5.39796e-16
-9.83621e-16
1.11251e-16
-4.54722e-16
-3.53347e-17
3.01656e-16
-3.01061e-16
2.31069e-16
5.77938e-16
-1.15459e-16
-1.30225e-16
-2.38852e-16
5.73426e-16
2.77047e-16
6.58082e-17
4.38071e-16
8.13011e-16
4.20502e-16
1.82669e-16
4.5878e-16
9.3193e-16
9.01386e-16
2.83509e-17
3.11555e-16
2.83885e-16
9.43452e-16
-1.78164e-16
4.10859e-16
2.4181e-16
6.95007e-17
2.16213e-16
-6.1889e-16
-6.01338e-16
1.11549e-16
-5.82223e-16
-6.01853e-16
-6.81737e-16
-7.28491e-17
-2.54033e-16
-1.03119e-15
-8.57021e-16
-1.33665e-16
-1.52723e-16
-4.26752e-16
-1.51737e-17
6.24921e-16
1.49572e-16
2.89729e-16
4.4848e-16
