0.00597016
0.00523657
0.00276185
-0.00206095
-0.00612935
-0.00703242
-0.00580711
-0.00139441
0.00274959
0.00367609
0.00341154
0.00121441
-0.00100249
-0.00109401
-0.000897259
-0.000269576
0.000438691
0.000269333
9.43087e-05
2.49031e-05
-0.000103105
-4.19971e-05
1.83128e-05
1.1351e-06
5.46661e-06
3.08579e-06
-4.62011e-06
-3.3952e-07
1.47414e-06
-4.21257e-08
-1.6288e-07
3.00466e-08
-1.99015e-08
-1.1475e-08
1.26651e-08
7.51581e-10
-3.41345e-09
5.13908e-10
3.43495e-10
-9.10759e-11
2.00747e-18
1.48603e-17
1.57887e-18
-1.11537e-17
-4.86495e-17
-9.45289e-17
-7.00462e-17
-1.64731e-17
1.16247e-16
8.92976e-17
1.48247e-16
7.62872e-17
8.22638e-18
-9.54098e-18
-3.65105e-17
-1.37795e-17
6.24873e-17
9.72665e-17
1.25185e-16
2.42848e-16
4.1651e-16
4.84232e-17
-4.16672e-17
5.54519e-17
6.0768e-17
-3.69037e-17
-7.89941e-17
-3.14469e-17
1.0001e-16
-4.48165e-17
-8.08239e-18
-6.57501e-17
-6.6116e-17
-7.30075e-17
-3.09709e-17
-2.86229e-17
2.09522e-17
-3.65817e-17
-1.18856e-17
-2.27886e-17
2.38175e-06
8.9828e-06
2.62277e-05
6.03392e-05
4.3878e-05
-7.16984e-05
-0.000183808
-0.000249344
-0.000570857
-3.51324e-05
0.000300314
0.00155335
0.00190441
0.000599819
-0.00048142
-0.00434683
-0.00495303
0.000313707
0.00406245
0.0054175
0.00337015
-0.00259369
-0.00617453
-0.00156951
0.00253259
0.00101285
0.000527156
9.9669e-05
-0.000680511
-0.00011621
0.000228722
3.20008e-06
-5.30286e-05
7.98366e-06
5.33626e-06
-1.41488e-06
1.18906e-17
2.71813e-17
8.22333e-17
1.09589e-16
1.13435e-16
7.36936e-17
-2.62322e-17
7.29202e-17
2.81787e-06
1.06276e-05
2.30355e-05
4.12355e-05
3.49208e-05
-1.9413e-05
-0.000134824
-0.000337969
-0.000385615
-9.8342e-05
0.000259925
0.00125636
0.00157648
0.000583699
-0.000425163
-0.00345974
-0.00392629
0.000407545
0.00363376
0.00369938
0.00163761
-0.00204577
-0.00402571
2.95801e-05
0.00313429
0.00100149
0.000275038
0.00136583
0.0019083
0.00215626
0.00263002
0.00316509
0.00372988
0.00437275
0.00507971
0.00585492
0.00659749
0.00722628
0.00775141
0.00812406
0.00837276
0.00852036
0.00848775
0.00824569
0.00790044
0.00750671
0.00704403
0.00655163
0.00582738
0.004716
0.00329015
0.0014881
-0.000228959
-0.00148205
-0.00237098
-0.00266462
-0.00449698
-0.00899315
-0.0124405
-0.0127652
-0.0132964
-0.01662
-0.019449
-0.0221987
-0.025555
-0.0283716
-0.0317641
-0.035106
-0.0384099
-0.0413665
-0.0431282
-0.0448027
-0.045402
-0.0452168
-0.044151
-0.0416089
-0.0388077
-0.0362458
-0.0321343
-0.0255907
-0.0181711
-0.0101989
-0.000494509
0.0111927
0.0226683
0.03265
0.0414696
0.0483012
0.0538546
0.0587155
0.0615735
0.0620706
0.0632612
0.0670501
0.0732328
0.0831661
0.0951805
0.10804
0.12319
0.142653
0.149108
0.134078
0.112482
0.0896569
0.0767284
0.0838169
0.106809
0.142663
0.181741
0.211871
0.230478
0.238722
0.229939
0.20593
0.184148
0.16998
0.181121
0.219158
0.249111
0.239626
0.15773
-0.0259309
-0.323382
-0.724536
-1.17161
-1.59635
-1.94093
-2.13932
-2.12566
-1.87082
-1.39277
-0.73474
0.0130258
0.744227
1.38242
1.85194
2.09613
2.10194
1.89959
1.54389
1.10563
0.660876
0.286067
0.0337349
-0.113119
-0.17729
-0.166465
-0.115651
-0.0646483
-0.0373158
-0.0486009
-0.107117
-0.170873
-0.206084
-0.23145
-0.242441
-0.235051
-0.217756
-0.187331
-0.145805
-0.109411
-0.0893564
-0.0899848
-0.12186
-0.151492
-0.155114
-0.149528
-0.127285
-0.103198
-0.093642
-0.0818887
-0.0673374
-0.0545288
-0.0405989
-0.0300317
-0.025879
-0.0223015
-0.017149
-0.0129556
-0.00887944
-0.00484806
-0.00139356
0.00279679
0.00907507
0.015266
0.0208006
0.0276216
0.0363393
0.0449551
0.0517544
0.0563868
0.0569246
0.0562001
0.0562367
0.0540739
0.0495104
0.0446811
0.0402958
0.0365612
0.0342298
0.0320383
0.0290652
0.0266057
0.0247435
0.022837
0.0208146
0.0184618
0.0154161
0.0126522
0.0107642
0.00926404
0.00831699
0.00741293
0.00600601
0.00446101
0.00267116
0.000658843
-0.0014275
-0.00388567
-0.00683559
-0.00953942
-0.0115481
-0.0129475
-0.0134293
-0.0134227
-0.0132544
-0.0124286
-0.0108841
-0.00924198
-0.00781258
-0.00664256
-0.00604743
-0.00555315
-0.00485354
-0.00441848
-0.00429104
-0.00415869
-0.00393635
-0.00356366
-0.00287749
-0.00226403
-0.00196759
-0.00175652
-0.00167777
-0.00159372
-0.00132373
-0.000997131
-0.000594173
-7.2176e-05
0.000550976
0.00135296
0.00238434
0.00340385
0.00425854
0.00499721
0.00552861
0.00599167
0.00649979
0.00689786
0.00717065
0.0074026
0.00760475
0.00779611
0.00801789
0.00818099
0.00823262
0.00816659
0.00792722
0.00782917
0.00741144
0.00701119
0.00651934
0.00577374
0.00505557
0.00417552
0.00321965
0.00221032
0.00118233
0.000482418
-0.000363527
-0.000982805
-0.00150598
-0.0020556
-0.00226939
-0.00247211
-0.00261905
-0.00270492
-0.0027614
-0.00268825
-0.00240967
-0.00198565
-0.00140192
-0.00078007
-0.00023582
0.000216967
0.000487941
0.000877899
0.000951185
0.00105707
0.0011305
0.000678662
0.000759175
0.000677026
0.000751417
0.000757531
0.000559299
0.000532654
0.000239245
6.86981e-05
1.4483e-05
-0.000274569
-0.000321581
-0.000426701
-0.000460734
-0.000422681
-0.000289881
-0.00015173
-6.85225e-05
-1.35703e-05
-1.70667e-05
-2.69527e-05
2.51705e-06
1.5863e-05
9.57099e-06
6.37198e-06
3.93789e-06
1.35255e-05
4.82028e-05
7.49425e-05
7.53275e-05
6.4603e-05
3.68155e-05
7.66122e-06
-6.33763e-06
-1.75607e-05
-2.35795e-05
-2.54167e-05
-2.83782e-05
-2.44347e-05
-1.08849e-05
2.01183e-06
9.64735e-06
1.32002e-05
8.8493e-06
3.95873e-06
3.97091e-06
2.89099e-06
9.78371e-07
-5.34229e-07
-2.73144e-06
-3.5544e-06
-1.71977e-06
-4.88273e-08
3.04588e-07
5.32282e-07
1.81897e-07
-1.89807e-07
1.3829e-07
2.90981e-07
1.20906e-07
1.20221e-08
-8.85068e-08
-1.42509e-07
-3.65208e-08
5.01917e-08
3.19264e-08
1.95515e-08
4.10895e-09
-1.55996e-08
-5.76472e-09
2.22574e-09
2.75683e-12
8.97981e-10
5.17765e-10
-5.71466e-10
-3.39124e-11
1.54019e-10
-2.31882e-11
-1.54989e-11
4.10948e-12
1.24961e-16
2.35841e-16
4.58089e-16
2.42739e-16
1.80615e-16
4.84232e-17
1.10853e-16
-1.36864e-17
-7.21697e-17
-1.69701e-16
-3.47795e-16
-2.56283e-16
-3.31966e-16
-2.20752e-16
-2.83541e-16
-1.13631e-16
-7.08746e-17
1.06279e-16
1.25144e-16
5.43372e-17
-3.823e-17
-3.16401e-17
-3.95531e-17
-1.58734e-17
1.11741e-17
-4.65902e-17
-1.6568e-17
-2.17687e-17
4.1796e-17
-7.3929e-18
-3.1142e-08
-1.17453e-07
5.827e-08
7.242e-07
4.46718e-07
-1.7126e-06
-1.56494e-06
3.37426e-06
-7.04554e-06
1.20766e-05
6.04563e-06
-3.1633e-05
2.63713e-05
-6.99222e-06
-3.03238e-17
-1.63308e-18
6.81523e-17
1.19157e-16
1.36554e-16
6.19012e-17
6.74306e-17
-3.72288e-17
-4.85763e-17
-8.59095e-17
-2.6773e-17
-8.77187e-17
-6.07357e-17
-6.85622e-17
-1.06573e-16
2.08573e-17
4.73932e-17
2.38524e-17
-7.45118e-17
-9.71344e-17
-6.24602e-17
1.38642e-17
9.71852e-17
-2.102e-17
-8.32261e-17
-4.87484e-17
4.17215e-17
9.31736e-20
-4.75632e-17
-1.80318e-17
-1.3427e-17
6.25263e-17
4.85985e-17
3.34315e-17
-3.44387e-17
7.19233e-17
1.87602e-07
7.07545e-07
1.55626e-06
2.83072e-06
2.56602e-06
-7.49915e-07
-6.93057e-06
-1.69071e-05
-2.01081e-05
-8.3664e-06
1.07087e-05
3.71792e-05
6.63556e-05
9.1165e-05
1.94323e-05
-0.000224298
-1.03116e-05
6.42891e-06
7.4123e-05
-0.000145417
-0.000561885
-5.55842e-05
0.000191311
0.00100974
0.00125228
0.000417209
-0.000273029
-0.00270883
-0.00296951
0.000685632
0.00313246
0.00201978
0.000283336
-0.0012537
-0.00211951
-8.6154e-05
0.00132313
0.000165023
-0.000401008
1.88486e-06
8.6747e-05
-1.30601e-05
-8.72934e-06
2.31454e-06
-1.15757e-16
-8.83303e-17
-7.50776e-17
-1.23497e-17
4.27582e-18
3.77624e-17
-2.94687e-17
1.07952e-16
1.60733e-16
2.87178e-17
1.63105e-17
-2.69941e-17
1.22225e-06
4.60975e-06
9.8984e-06
1.75341e-05
1.5145e-05
-6.91671e-06
-5.96127e-05
-0.000158183
-0.000182365
-4.57217e-05
2.02168e-05
0.0003534
0.000490101
0.000313388
-0.000223692
-0.00129134
-0.00112599
0.000528397
0.00147591
0.000150386
-0.00107965
-0.000107386
0.000265264
0.000164868
0.000136815
-5.793e-05
0.000168061
-0.000311268
-0.000346603
9.90153e-06
0.000215635
0.0011387
0.00117994
-0.000287582
-0.000946268
0.000419978
0.00125362
0.000770464
0.000642625
0.00103545
0.0011794
0.00106826
0.000848527
0.000415855
-0.000188685
-0.000920252
-0.00186683
-0.00305103
-0.0040509
-0.00456995
-0.00461363
-0.00396604
-0.00268504
-0.000798621
0.00217196
0.00650361
0.00843967
0.00689904
0.00327381
-0.00207832
-0.00667068
-0.00855769
-0.00646105
-0.000390527
0.00584319
0.00820787
0.00870433
0.0079405
0.00433704
-0.00116551
-0.00427503
-0.00120669
0.000390581
-0.0028213
-0.00465269
-0.00421057
-0.00401792
-0.00372598
-0.00277188
-0.00133902
0.000134931
0.00134833
0.00229556
0.00274046
0.00278437
0.00248186
0.00143348
-0.000550671
-0.00135757
0.000270645
0.00109904
-0.000423091
-0.00172315
-0.000660598
-0.000175827
-0.000117695
0.000201961
0.000149061
0.000299035
-0.000334101
-0.000511544
1.7153e-06
9.11184e-05
0.00134598
0.00152484
1.22168e-05
-0.00121635
-0.00195192
-0.00132932
0.00110133
0.00237919
0.000174635
-0.00144285
-0.000129961
0.00040672
-1.01123e-06
-8.50189e-05
1.0977e-05
5.58445e-06
-3.04308e-06
1.05534e-06
6.71292e-07
4.11095e-07
8.63958e-08
-3.28002e-07
-1.21211e-07
4.67989e-08
5.7966e-11
4.31169e-07
1.56584e-06
3.40814e-06
6.22029e-06
4.1164e-06
-7.40431e-06
-2.76036e-05
-5.90984e-05
-6.68844e-05
-2.38086e-05
7.95282e-05
0.000269932
0.000333539
0.000112184
-0.000101096
-0.000737825
-0.000903689
-0.000192295
0.000643674
0.00137549
0.000873679
-0.000685259
-0.0016015
-0.000164222
0.00101124
8.14215e-05
-0.000267563
-9.66844e-06
5.02399e-05
2.77925e-05
-3.61043e-05
9.57287e-06
-8.33209e-17
-4.16605e-17
-5.57144e-17
3.45318e-17
4.16334e-17
3.47487e-17
-6.24229e-17
1.11049e-16
-1.36881e-17
8.32667e-17
2.7864e-17
9.71445e-17
-4.74338e-20
4.15792e-17
-4.17418e-17
0
-2.77556e-17
-2.77014e-17
-4.16876e-17
-1.38778e-17
5.55112e-17
-1.75641e-17
-5.55112e-17
-1.66533e-16
-2.71051e-20
-2.21936e-16
-1.10805e-16
0
4.33681e-19
0
1.0842e-19
-5.54976e-17
-7.6233e-17
-4.52519e-17
-2.79182e-17
-1.24995e-16
-6.93915e-17
-1.38981e-17
1.07533e-16
-4.86214e-17
-4.50473e-17
2.11009e-17
7.62588e-17
1.39506e-17
2.78479e-17
5.8866e-17
2.01763e-17
7.54113e-18
-1.00574e-16
-4.51502e-17
-8.67158e-17
2.77657e-17
6.23641e-17
3.13182e-17
-3.11708e-17
5.54705e-17
4.15808e-17
3.4769e-17
4.15114e-17
-5.5606e-17
-9.00701e-17
4.15385e-17
1.11131e-16
2.78098e-17
-4.41728e-17
-5.66712e-17
-3.85095e-17
-4.75914e-17
3.45462e-17
-2.34137e-17
-8.33328e-17
-5.56369e-17
-1.38913e-17
-2.77481e-17
-7.84861e-17
-1.11831e-16
-8.32392e-17
-1.07876e-16
-5.67665e-17
-1.16256e-16
-1.16902e-16
-1.37565e-16
-6.42441e-17
4.14707e-18
7.54571e-17
1.05933e-16
1.89129e-16
3.05257e-16
3.85217e-16
4.16035e-16
3.78253e-16
3.19257e-16
8.67362e-17
3.36103e-18
-8.67633e-17
-3.80758e-17
8.57414e-18
-1.58039e-17
-8.74197e-17
-9.85963e-17
-2.56482e-16
-6.85622e-17
-1.34163e-16
-1.657e-16
-2.00123e-16
-1.44307e-16
-6.69901e-17
-9.47152e-17
-2.20975e-06
-8.33413e-06
-1.79754e-05
-3.20014e-05
-3.08905e-05
5.61623e-07
7.81312e-05
0.000224738
0.00025815
4.70246e-05
-7.3123e-05
-0.000608925
-0.000822947
-0.00050555
0.000281815
0.00184019
0.00173849
-0.000974811
-0.00241893
-0.00025404
0.00151159
7.93062e-05
-0.000403747
8.31593e-05
2.46297e-05
3.76032e-06
-8.51122e-07
7.26547e-05
5.73795e-05
-9.9116e-05
0.000114841
-0.000143611
-0.000101514
0.000170218
-5.37515e-05
0.000375569
0.000421926
0.000182299
6.77809e-06
-0.000686879
-0.000706836
0.000469775
0.00103595
5.34193e-05
-0.000608335
-0.000112426
7.14572e-05
-0.000129545
-0.000203838
-0.000212631
-0.000268273
-0.000332564
-0.00038602
-0.000425575
-0.000447406
-0.000442831
-0.000434379
-0.000437402
-0.000379041
-0.000216851
-0.000265741
-3.82949e-06
8.79217e-05
5.2061e-05
0.000500902
0.000462229
0.000631207
0.000558351
0.0007706
0.00149025
0.00147113
0.00274841
0.00296166
0.00185976
0.00104144
-0.00213879
-0.00276859
0.00109683
0.00337488
0.00274985
0.000396951
-0.00317325
-0.00548077
-0.00305971
-0.00124635
-0.00357296
-0.00450407
-0.00361886
-0.0029255
-0.00225722
-0.00101354
0.000715225
0.00235142
0.00355183
0.00435994
0.00452411
0.00434438
0.00404368
0.0032159
0.00178245
0.000332803
-0.000817396
-0.00167452
-0.00196222
-0.00213284
-0.00249951
-0.00263329
-0.00250991
-0.00226079
-0.00184293
-0.00133867
-0.000829075
-3.43729e-05
0.00120786
0.00280229
0.00481866
