0.01090642685469421
0.004595097741181486
-0.0130117648243311
-0.03695329526761574
-0.05694940707534794
-0.06067383277608424
-0.03819045781891253
0.01411425066564915
0.09140144057151005
0.1805420645214398
0.2622705414865372
0.3146406081936708
0.3171118096594095
0.2547906136640407
0.1224098404476495
-0.07254013238375602
-0.3083489450230673
-0.550081172028734
-0.753375960238707
-0.8706349627144815
-0.8586002077190078
-0.6862246837633004
-0.3422426815642978
0.1576209025013962
0.7639856858635269
1.389157616133529
1.90801567574809
2.169488491943844
2.022902684032676
1.359249700866518
0.1602561192082637
-1.45955702191581
-3.236828502291015
-4.785646381631461
-5.67164469760932
-5.522535755712483
-4.146968307406817
-1.623677748052187
1.674195661283558
5.137990157634813
8.057862863989076
9.798005013060889
9.961320045444021
8.492391626203736
5.685781815156594
2.097795940565967
-1.608349036640552
-4.832838010752097
-7.171181265473951
-8.470777276395411
-8.80420170264548
-8.381408746048225
-7.442086424420722
-6.171182554480378
-4.665179561841739
-2.952216797093364
-1.045987738099753
0.9986056617185731
3.056725228705544
4.944852476934765
6.464931171389176
7.459392161496989
7.851593862452071
7.655046528345538
6.950903767755555
5.848149291407579
4.447803662069552
2.828083940545652
1.054788547283346
-0.7931620681863484
-2.601616323422148
-4.219534556864255
-5.483983861694952
-6.26357856891633
-6.501288305703383
-6.236122089570305
-5.591771981735749
-4.735081570793385
-3.820903717117348
-2.946013273757053
-2.130512351215683
-1.332568924568557
-0.4876853938915108
0.4464225629286214
1.459190483832621
2.482853875530819
3.413779754584346
4.147856409005388
4.613589557587008
4.78975911520345
4.702958920372043
4.409744932398726
3.973565354156655
3.446543980169917
2.861494620770244
2.233448625402132
1.566103876368627
0.8582837059649325
0.108232142184053
-0.6832655963614426
-1.508599730070739
-2.346977512949743
-3.158096681232422
-3.880318169556183
-4.437364924282095
-4.754226105341934
-4.777945108648845
-4.495600643831102
-3.941602010765783
-3.190473246462723
-2.337335828800839
-1.473523256966822
-0.6665871348708871
0.04858232353477483
0.6661543590906195
1.197377922031565
1.657122638437367
2.054978727705444
2.393232217073659
2.669930777581902
2.88288636966543
3.031188088070609
3.113369007244393
3.124365325011836
3.054466803078306
2.892224367703502
2.630463761937803
2.2721490102201
1.832420318456795
1.33509136179626
0.8051970803511987
0.2616296805985526
-0.2858485535901028
-0.8333199271065416
-1.374928902625642
-1.895156763026537
-2.365991132373107
-2.751295024547856
-3.016763326340198
-3.140719755449998
-3.120423679480238
-2.970912951782017
-2.717391722154918
-2.385417911282012
-1.9941264514954
-1.555636236605417
-1.080130102175739
-0.5828456954262533
-0.08813893294229092
0.3723225352509172
0.7668405253376577
1.072804140398902
1.282950987631047
1.40564033802717
1.459216613065749
1.463596657128973
1.433421186607394
1.375867474353991
1.29339181265676
1.188944226176542
1.070031208080718
0.9490577785609666
0.8397809289966759
0.7521042206432017
0.6883484546456344
0.6431318114829409
0.6068518966155274
0.5706374131198954
0.5299908158290044
0.4852333305570196
0.4389243725006883
0.3921684583616186
0.3422461884812307
0.2830752106782359
0.2081189259942992
0.1139085931826978
0.001971787683264351
-0.1219656532398378
-0.2509747552806664
-0.380201349234704
-0.5084655048489197
-0.6372373932420973
-0.7677267991492399
-0.8979673551891332
-1.021771544478708
-1.130268299416183
-1.215196700849864
-1.272004092382873
-1.300990290316709
-1.305838390236264
-1.290454239192396
-1.256001723859769
-1.199870423422613
-1.117143527627997
-1.003690171503412
-0.8590688209678445
-0.6876225608238641
-0.4972028402433821
-0.2963591370322318
-0.09162162691869445
0.1136652707930656
0.3184852341116669
0.5220029784068448
0.721563935063136
0.9120918490973261
1.08715641946027
1.241008491762314
1.370282282127847
1.474354491302302
1.554237095242373
1.610766259082257
1.64324874120129
1.649445323058711
1.626790292015056
1.574081178623158
1.492481182880667
1.385161622905288
1.255741411574981
1.106431324746647
0.9370160888970062
0.745322936337046
0.5290282968535496
0.2878581115635375
0.02511241921149262
-0.2522128774473237
-0.5346517098087543
-0.8121357544762225
-1.075627241042999
-1.317906832505368
-1.533521321999609
-1.718301600854021
-1.86899924607455
-1.983257248670946
-2.059781705012391
-2.098299954548373
-2.099117879699522
-2.062353236489996
-1.98736415633156
-1.872890742546512
-1.718085588936278
-1.524061738370963
-1.295171049107378
-1.039213892821524
-0.7662654703485745
-0.4864805485789687
-0.2077961566507665
0.06542806833682439
0.3323026120115949
0.5939241737728256
0.8513161458837663
1.103729443261629
1.347955464793335
1.578736110423413
1.789801526362335
1.974874083490814
2.128204227074752
2.244629119382941
2.319488529382645
2.34877245287525
2.329695997967292
2.261429230327485
2.14557173889759
1.985980558751712
1.787939275794775
1.557055268146783
1.298406926745292
1.016404930068932
0.7153561722460783
0.4003417763795938
0.07781383719673542
-0.2444919945284553
-0.5584002829902159
-0.8564634142498461
-1.132905273972135
-1.38393175298743
-1.607310474443191
-1.801618651307901
-1.965570102641414
-2.097801095788181
-2.197096618054689
-2.262764974851568
-2.294784619599274
-2.293500244362361
-2.259020181963415
-2.190681061639712
-2.087001863768262
-1.946299683984589
-1.767767180974424
-1.552566586114735
-1.304433670509924
-1.029496398490454
-0.7354298328699685
-0.430264841202848
-0.1213582253414688
0.1851835673052265
0.484545070440785
0.7728857007327387
1.04690234392035
1.303448359506001
1.539273232192981
1.750845542060155
1.934240699039754
2.085146478936072
2.19910481537001
2.272049374640586
2.301069389708486
2.285143410857339
2.225554519764088
2.125746052143265
1.990622496786435
1.825553049992049
1.635464680194532
1.424373129458006
1.195474495832919
0.9516626110607728
0.6961406673912957
0.4328410004138228
0.1664604624755281
-0.09783481675208992
-0.3548456953870807
-0.5997167708175528
-0.8281579516082318
-1.036543916647004
-1.221978990897972
-1.382381821908901
-1.516589677148553
-1.624347694925022
-1.706120365576419
-1.762736937493086
-1.794982784200691
-1.803332060568165
-1.787926821100642
-1.748824965682881
-1.686314363002382
-1.601140036098579
-1.494489325477093
-1.367800993412776
-1.222544225507374
-1.060185349674983
-0.8824242767585885
-0.6915953813339777
-0.4910086743572075
-0.2849932015727228
-0.07853413070245317
0.1233696139404405
0.3163709691700066
0.4971741956004861
0.6635560324500045
0.8140607196123261
0.9476292930515883
1.063353488378697
1.160504630991868
1.238698839576028
1.298040464342596
1.33904349204184
1.362331021481259
1.368255058016516
1.356675717669611
1.32705431664203
1.278850607480083
1.212015577721798
1.127329129388487
1.026407598482785
0.9114071951873677
0.7846447348185395
0.6483589220279904
0.5047827412776719
0.3564218915762196
0.2063332775908863
0.05812549305115525
-0.08440334795308868
-0.2178927782036496
-0.3399870107207211
-0.4495901152157185
-0.5466416644783204
-0.6315587219128688
-0.7046292935735718
-0.7656814632583843
-0.8141443730921706
-0.8494304622104814
-0.8713680698275529
-0.8804039480841691
-0.8774813676719306
-0.8636708608030146
-0.839811432334224
-0.8063762683023165
-0.7636336713107482
-0.7119822654738813
-0.6522228693058357
-0.5855931393906891
-0.513538508732124
-0.4373785551590432
-0.3580939017080922
-0.2763829289896463
-0.1929603900478463
-0.1089028586158615
-0.02580482733656175
0.05437982884235681
0.1297492206939788
0.1988893005560153
0.2610914457779056
0.3162319207620954
0.3644012605869271
0.4055163409383118
0.4391572520884898
0.4647236413941042
0.4818008017124753
0.4904956805449758
0.4915139047011144
0.4859130707793893
0.4746712110924376
0.4583240287126586
0.4368926358958967
0.4101453291780608
0.3780353558740602
0.3410500024771161
0.300263834681993
0.2570664554175306
0.2127347997399829
0.1681085560798752
0.1235554935894753
0.07923161388421934
0.03545525469218588
-0.007052478529940134
-0.04721880450064287
-0.08393617912147851
-0.1164462432774916
-0.1445530306378361
-0.168531792102581
-0.1887924715752131
-0.2055102982276772
-0.2184548238824958
-0.2271240083229934
-0.2310963342600275
-0.2303769252481959
-0.2255138034083668
-0.2174064735751632
-0.2069177047632437
-0.1945270661962526
-0.1802360737134726
-0.163780324596793
-0.1450164005404943
-0.1242374802629101
-0.102223256133588
-0.07999053009009657
-0.0584000726190537
-0.03785925416680969
-0.01830383163472911
0.0005390685570929018
0.01877474770721899
0.0360925665321386
0.05180140166666055
0.0651288179775894
0.0755948278846732
0.08322804652647485
0.08848886665270506
0.09194963523106608
0.09393362461544559
0.09434119521233349
0.0927700925058601
0.08885583332098064
0.08261355360155445
0.07456439598066904
0.06556004541025377
0.05640854483637741
0.04752771404773468
0.03883717756592606
0.02995070495331141
0.02054715673776814
0.010686356671029
0.000875570205854481
-0.008153741780549624
-0.01581553733442248
-0.02195409276284925
-0.02686554017108876
-0.03104602819816301
-0.03482626567965466
-0.03812521749206313
-0.04047839807616664
-0.04132493600135074
-0.04037281491386132
-0.03781347304498441
-0.03424891101113616
-0.03037597925135148
-0.02662225228755608
-0.022960047444099
-0.01901154940112561
-0.01437748929146349
-0.008980098015024531
-0.003203799875900011
0.002258037586100243
0.006756193922160952
0.01002103801181157
0.01227168456310819
0.01403328759473199
0.01577686959827983
0.01760816345394577
0.01919843052593234
0.01999991366353661
0.01960780269613813
0.01804066704287393
0.01576074703257875
0.01342041179423364
0.01149183362393796
0.01001190217035097
0.00860190295700523
0.006749990048958481
0.004178673385197181
0.001066086446672633
-0.002020912700078267
-0.004442492091056281
-0.00585637158650481
-0.006411616459952037
-0.006644043782788974
-0.007134994256942556
-0.008143696840230868
-0.009439237351046873
-0.01043691764395987
-0.01055478769052978
-0.009572163405604491
-0.007770271392318527
-0.005771805598664965
-0.004180152707274585
-0.003241970989633108
-0.002737803300430382
-0.002162499590254269
-0.001075600644756252
0.0006004052596745956
0.002520901900143143
0.004131815242464838
0.005016288824475697
0.005152771338721619
0.004920617403496732
0.00484909343174768
0.005270043301626831
0.006095210135041232
0.006862254600777056
0.007022776876451714
0.006293198497586849
0.004846661216823746
0.003223434230181196
0.002012034755733994
0.001498675077566961
0.001502681108490973
0.001501617821454267
0.0009682589403882048
-0.0002898114654997358
-0.002000416244846451
-0.003587504578265443
-0.004522819868443959
-0.004648248938770212
-0.004267524435622976
-0.003948585040134723
-0.004159775226602544
-0.004966440604681974
-0.005978826593226447
-0.006585251681413784
-0.006328026994550988
-0.005189315416740485
-0.003610288593619199
-0.002230836707953394
-0.001510577520381633
-0.001463612242894252
-0.001668895040902662
-0.00154589868272211
-0.0007226212105442118
0.0007329450428026639
0.002358189387656418
0.003585314535311043
0.004089270621408824
0.003975380531174585
0.00369026267158362
0.003716542377223376
0.004247737244048358
0.005052856184999761
0.005618653578832965
0.005481551092809192
0.004538289434358865
0.003136133778519668
0.001879581607013085
0.001269862026022922
0.001399779925638063
0.001895886752829386
0.002147019590088391
0.001681308679605288
0.0004595693453405319
-0.001095704896197662
-0.002354525522227455
-0.002859780924332665
-0.002599812524135658
-0.002005450100345793
-0.001675485052942914
-0.002001521883234599
-0.002925338299662507
-0.003977329867136477
-0.004570198806252985
-0.004362862017705609
-0.003468192348188562
-0.00237644557319713
-0.001645298117980062
-0.001552151561512131
-0.001927322217184299
-0.002271305616576864
-0.002081051539145128
-0.001178279453981552
0.0001672429764998566
0.001397871889978652
0.002010790524082372
0.001867962800314825
0.001277678242567302
0.0007963646404530353
0.0008747312085588672
0.001571546461679519
0.002515694797286794
0.003142016481304777
0.003053112782401836
0.002279503001967339
0.001272211768287927
0.0006296825514775319
0.0007273086579919376
0.001481204274566195
0.002394900643534751
0.002862573054678172
0.002541280382117952
0.001561362233839982
0.00044330702697565
-0.0002274540731233009
-0.000166051172020632
0.0004340785725425946
0.001022131007834847
0.001035167948361147
0.0002527383887513083
-0.001059657867800129
-0.002308239013307013
-0.002931771909621665
-0.002741778825220408
-0.002030687161402602
-0.001381735273157596
-0.001299609076462417
-0.001892853179152753
-0.002805809073153111
-0.00344236246033706
-0.003340954354913306
-0.002466575584500856
-0.0012369051824406
-0.0002665616804239173
1.0992188140029e-05
-0.0003925250651773042
-0.001034691143933023
-0.001326073489167749
-0.0009049917695005124
0.0001312276788906451
0.001283738578488013
0.001962453786451985
0.001855407717840217
0.001125803278962556
0.0003134137054591981
1.207007534530973e-06
0.0004551980884234084
0.001461671357494031
0.002462893094601818
0.002905311599390042
0.002582120342311589
0.001755642079024487
0.0009840008604525816
0.0007618307504797016
0.001202183447203896
0.001960580983710427
0.002450595345808402
0.002216281505336187
0.001227874357866561
-8.649009048781233e-05
-0.001095022072714621
-0.001345811693178188
-0.000840748848157204
-2.900859854225084e-05
0.0004764498624830302
0.0002823782130068513
-0.0005404707295376725
-0.00150508731794212
-0.00201763896422612
-0.001754733516667155
-0.0008713140527647694
9.174296053888612e-05
0.0005436067932420478
0.0002127489190785089
-0.000682076007654072
-0.001567680975400995
-0.001875172530874114
-0.001397960212121903
-0.0004242977835644862
0.0004396712916387465
0.0006475207248094711
5.544272466988161e-05
-0.0009836773608777293
-0.001834852597260836
-0.00197105830124804
-0.001296154432293819
-0.0001992666486994072
0.0006927069185264689
0.0009093955022020156
0.0004304778364616729
-0.0003059633141194364
-0.0006864077017371513
-0.0003189384632159427
0.0007052065890200556
0.001851978892495756
0.002464591732039851
0.002166182575989123
0.001094697525675318
-0.0001767448478422492
-0.0009858128568939479
-0.0009789253638957461
-0.000314893894929531
0.000451298419696861
0.0007300808865546049
0.0002769353403475408
-0.0006486748046003189
-0.001445184578707315
-0.001550755472703795
-0.0008053814982276478
0.0004347760170978628
0.001504831068117089
0.001832814980971475
0.001286141319417858
0.0002467259054864202
-0.0006320989692710849
-0.0008353594318322752
-0.0003064100160787353
0.0005232692873823165
0.001013995655961565
0.0007324771711631637
-0.000258783546050391
-0.001420469558478974
-0.002054787092059957
-0.001727523136571529
-0.0005326426135699638
0.0009638864631897527
0.002065156915403286
0.002356088717500836
0.001931379863294737
0.001298890812100522
0.001023532915222078
0.001340107738752117
0.001983886624753531
0.002350290443719587
0.001887038547324084
0.0004725874336669047
-0.001460579034668408
-0.003143064006062766
-0.003899357087816185
-0.003531118307399561
-0.002418222682427132
-0.001275989348643568
-0.0007183277401318902
-0.0008960751760109715
-0.001431604824327353
-0.001686105306150642
-0.001188563605571196
4.41841661601025e-05
0.001497902318590586
0.002467989794533697
0.002490672187888211
0.00162769371145615
0.0004260103960152924
-0.0004222094504597057
-0.0005054164156742543
6.333285007535406e-05
0.0007377554057329177
0.0009067651718404939
0.0003061032891138496
-0.00078993583686974
-0.001722644747526112
-0.001857211545045155
-0.0009910644099352574
0.0004956313106253115
0.001847305687563826
0.002375316418415619
0.001864695624152366
0.0006942417398704228
-0.000404584651412575
-0.0008009501196531752
-0.0003491290140291188
0.0005338079386198708
0.001144010787272152
0.0009465505636076257
-7.537534890584065e-05
-0.00139756245866144
-0.002273678301470044
-0.00219699102341013
-0.001215627736269112
9.696454705020593e-05
0.0009990305246348836
0.001041698576913017
0.0003446330251920676
-0.0004885767853745225
-0.0007641266708707803
-0.0001545013680000864
0.001070657369966113
0.00218895454852478
0.002460869780611633
0.001589154850787597
-8.303276415386771e-05
-0.001760541722197727
-0.002657629953191582
-0.002449900752086058
-0.001440460299703416
-0.0003420257844479041
0.0001845452916956165
-5.594858419872432e-05
-0.000686219823424603
-0.001021655364735557
-0.0005370613464646381
0.0007635634187779908
0.002313202098586503
0.003311549544831205
0.003215677315562871
0.00208412957430891
0.0005551124372840015
-0.0005336780377791029
-0.0006512750167977206
0.0001077313140125308
0.001091085955291112
0.001502959190246178
0.0009077650345224491
-0.0004900629660270398
-0.001965572719362416
-0.002718898248909347
-0.002369914405703301
-0.001193513686856251
5.184183558717999e-05
0.000595729798097547
0.0001332567787882445
-0.000990104715320771
-0.002001884707814446
-0.002194009450512159
-0.001373366372772197
1.242761591657019e-05
0.001154623884112134
0.001393691830485994
0.0006393436880760983
-0.0005660915930898628
-0.001384133076640584
-0.001207811870129939
-4.929736548025485e-05
0.001458493151222711
0.002451426574799303
0.002373553435620286
0.001328276520400355
1.825831677377534e-05
-0.0006925027577937442
-0.0003229026453973963
0.0009158860055062951
0.002243021394994541
0.002790248272087387
0.002144757951115075
0.0006123744643173937
-0.0009670822961771854
-0.001740830599107563
-0.001376581333563392
-0.0002728208303814673
0.000690661589234412
0.0007115679488205214
-0.0004133848739923149
-0.0021323994684965
-0.003452340667974663
-0.003535156310080821
-0.002211933915036589
-9.709795714229079e-05
0.001769747632683512
0.002535620524794021
0.002024303884498671
0.0008057355492703854
-0.0001925508245549941
-0.0002842999668673856
0.0005438509547882013
0.001639013211928267
0.002121172781292029
0.001475175380580842
-8.273755004794013e-05
-0.001702748344849504
-0.002411116525729892
-0.0017181542712865
5.521062060434012e-05
0.001940247115745334
0.002877089352130881
0.002324332463630881
0.0005480099023469114
-0.001581917310214696
-0.003149177109106733
-0.003741642767136004
-0.003639902275228401
-0.003523786326202138
-0.003892367198508127
-0.004589037295732025
-0.004770647653356289
-0.003384408892754294
0.0001133709302016947
0.005239562056539312
0.0105169261955664
0.01409123869269429
0.01461640429927811
0.01191943174932865
0.00707110341292616
0.001825077646104627
-0.002253958388076694
-0.004485110656369353
-0.005221767356925516
-0.005422629620580716
-0.005946253673236038
-0.007014150116879792
-0.008152686847615092
-0.008606038608002469
-0.007914282324754258
-0.006259344143995471
-0.004349173395832839
-0.002924749104861644
-0.002229332528018529
-0.001809634591547831
-0.0008025376267531706
0.001461494411976314
0.004927557893379573
0.008717670494777533
0.01155780477411226
0.01248632324779344
0.01140757329952713
0.009135439615353425
0.00688383947102256
0.005510653027382799
0.004987154940325198
0.004436072670308233
0.002730465906913901
-0.0007110030710322452
-0.005433247109334217
-0.0100841132278131
-0.01312342434126542
-0.01368246805367494
-0.01204827477922647
-0.009466597660554452
-0.00737325685342478
-0.006520224262354745
-0.006536456313707149
-0.006202686353583248
-0.00427924123886524
-0.00037791705924705
0.00466944513903367
0.009191717925590454
0.01159520648398458
0.0112674901304855
0.008918165299506162
0.006143573682024831
0.00447583771330557
0.004492303332686706
0.005526191720049603
0.006149447749222159
0.005123362897404084
0.002223978106672144
-0.001571727664931977
-0.004654301930334619
-0.005749423042396777
-0.004679360452277851
-0.002441592443258263
-0.0005571548717270614
-0.0001021335162873819
-0.001039426425415449
-0.002281633044666026
-0.002454121632431973
-0.0008768175074481982
0.001868909544674507
0.004174868223681246
0.004329978222663848
0.00158097616407028
-0.003326468916748666
-0.008476917533117332
-0.01180469008983428
-0.01219588104060982
-0.01000981749400002
-0.006713709894278669
-0.003875664273535467
-0.002162207630975686
-0.0009837690817619507
0.0009814653237665437
0.004720909483522238
0.009977992793866323
0.01512284724700078
0.01794734177877799
0.01693739774300672
0.01224671717914597
0.005744261698796511
5.807020389753136e-05
-0.002844296601146785
-0.002696102968484439
-0.0009627974761061584
0.0001583032432702431
-0.0008426727130320766
-0.003828070799693769
-0.007114669634049946
-0.008581702754178801
-0.007092868865949822
-0.00332488393109173
0.0005513525070262173
0.002177484515909676
0.0005064094459319846
-0.003456304104098076
-0.007176783542721158
-0.008110957930161205
-0.005304891823722842
-7.260654695170645e-05
0.004717698641322188
0.006366292912269578
0.004039515893062717
-0.0006237154487402806
-0.004432421499325146
-0.00459268393991349
-0.0005197738747237684
0.005632529310961333
0.0101379785803605
0.009945345527282833
0.004682723905946764
-0.002848181761892518
-0.008128055814856171
-0.007619453588768854
-0.001204257536954814
0.007122139169623351
