5.44609e-16
-6.77816e-16
-4.55534e-16
9.50994e-16
1.23052e-15
-2.03445e-15
-3.00991e-15
1.38409e-15
5.22141e-15
-3.24572e-15
-3.40434e-15
7.70239e-15
1.54032e-14
-2.07842e-16
-4.28271e-15
2.29426e-14
3.92397e-14
1.21411e-14
8.52335e-15
6.42411e-14
1.00756e-13
7.97019e-14
7.58816e-14
1.52121e-13
2.29415e-13
2.96919e-13
3.30495e-13
3.80639e-13
5.37947e-13
9.98672e-13
1.21355e-12
1.03155e-12
1.36552e-12
3.13145e-12
4.01031e-12
2.97441e-12
3.66633e-12
9.12516e-12
1.19846e-11
8.40315e-12
9.70978e-12
2.44308e-11
3.24084e-11
2.19701e-11
2.38389e-11
5.95066e-11
7.90859e-11
5.12195e-11
5.15887e-11
1.2986e-10
1.72536e-10
1.02542e-10
9.18761e-11
2.46892e-10
3.28751e-10
1.61595e-10
1.08407e-10
3.805e-10
5.13224e-10
1.31377e-10
-5.20503e-11
3.5062e-10
5.07562e-10
-3.3242e-10
-8.65189e-10
-4.41102e-10
-4.19222e-10
-2.21303e-09
-3.60103e-09
-3.60839e-09
-4.23452e-09
-7.97993e-09
-1.13188e-08
-1.29904e-08
-1.55806e-08
-2.32448e-08
-3.07637e-08
-3.68581e-08
-4.43161e-08
-5.96098e-08
-7.55255e-08
-9.14049e-08
-1.0935e-07
-1.38754e-07
-1.70338e-07
-2.05171e-07
-2.43104e-07
-2.96683e-07
-3.55013e-07
-4.2247e-07
-4.94126e-07
-5.84947e-07
-6.84133e-07
-8.01491e-07
-9.22967e-07
-1.06319e-06
-1.21635e-06
-1.40094e-06
-1.58533e-06
-1.77706e-06
-1.98769e-06
-2.25107e-06
-2.50007e-06
-2.72057e-06
-2.97016e-06
-3.31322e-06
-3.60963e-06
-3.79357e-06
-4.02917e-06
-4.44402e-06
-4.75186e-06
-4.77461e-06
-4.89989e-06
-5.38111e-06
-5.65593e-06
-5.31614e-06
-5.18002e-06
-5.73035e-06
-5.92408e-06
-4.90454e-06
-4.25632e-06
-4.83609e-06
-4.84304e-06
-2.59359e-06
-9.34627e-07
-1.25318e-06
-6.9167e-07
3.86705e-06
7.64963e-06
8.65054e-06
1.09778e-05
2.00724e-05
2.84357e-05
3.35729e-05
4.07155e-05
5.88093e-05
7.6779e-05
9.21931e-05
0.000110688
0.000146095
0.00018298
0.000220139
0.00026207
0.000328832
0.00040004
0.000477536
0.000562247
0.000681348
0.000809203
0.000952899
0.00110672
0.00130484
0.00151643
0.00175577
0.00200739
0.00231087
0.00263063
0.00298904
0.00335863
0.00378113
0.00421724
0.0046966
0.00517926
0.00570482
0.00623186
0.00679494
0.0073435
0.00791088
0.0084558
0.00901464
0.00953027
0.0100272
0.0104666
0.0108842
0.0112207
0.0114915
0.0116613
0.0117627
0.0117367
0.0115899
0.011287
0.0108535
0.010226
0.00939814
0.00832228
0.00700543
0.00536201
0.00335598
0.000900876
-0.00204382
-0.00562166
-0.0099383
-0.0151662
-0.0214485
-0.0290462
-0.0382052
-0.0492541
-0.0625238
-0.0784741
-0.0975888
-0.120438
-0.147644
-0.179949
-0.218173
-0.263199
-0.316016
-0.37769
-0.449417
-0.532378
-0.627906
-0.737299
-0.862013
-1.00334
-1.16272
-1.34137
-1.54062
-1.76143
-2.00482
-2.27133
-2.5615
-2.87523
-3.21232
-3.57185
-3.95273
-4.35297
-4.77037
-5.20178
-5.6438
-6.09205
-6.54188
-6.98772
-7.42383
-7.84364
-8.24052
-8.60725
-8.93672
-9.2215
-9.45455
-9.62881
-9.73788
-9.77573
-9.73728
-9.61814
-9.41511
-9.12604
-8.75017
-8.28795
-7.74134
-7.11362
-6.40959
-5.63529
-4.79811
-3.90659
-2.9703
-1.99964
-1.0057
2.32131e-15
1.0057
1.99964
2.9703
3.90659
4.79811
5.63529
6.40959
7.11362
7.74134
8.28795
8.75017
9.12604
9.41511
9.61814
9.73728
9.77573
9.73788
9.62881
9.45455
9.2215
8.93672
8.60725
8.24052
7.84364
7.42383
6.98772
6.54188
6.09205
5.6438
5.20178
4.77037
4.35297
3.95273
3.57185
3.21232
2.87523
2.5615
2.27133
2.00482
1.76143
1.54062
1.34137
1.16272
1.00334
0.862013
0.737299
0.627906
0.532378
0.449417
0.37769
0.316016
0.263199
0.218173
0.179949
0.147644
0.120438
0.0975888
0.0784741
0.0625238
0.0492541
0.0382052
0.0290462
0.0214485
0.0151662
0.0099383
0.00562166
0.00204382
-0.000900876
-0.00335598
-0.00536201
-0.00700543
-0.00832228
-0.00939814
-0.010226
-0.0108535
-0.011287
-0.0115899
-0.0117367
-0.0117627
-0.0116613
-0.0114915
-0.0112207
-0.0108842
-0.0104666
-0.0100272
-0.00953027
-0.00901464
-0.0084558
-0.00791088
-0.0073435
-0.00679494
-0.00623186
-0.00570482
-0.00517926
-0.0046966
-0.00421724
-0.00378113
-0.00335863
-0.00298904
-0.00263063
-0.00231087
-0.00200739
-0.00175577
-0.00151643
-0.00130484
-0.00110672
-0.000952899
-0.000809203
-0.000681348
-0.000562247
-0.000477536
-0.00040004
-0.000328832
-0.00026207
-0.000220139
-0.00018298
-0.000146095
-0.000110688
-9.21931e-05
-7.6779e-05
-5.88093e-05
-4.07155e-05
-3.35729e-05
-2.84357e-05
-2.00724e-05
-1.09778e-05
-8.65054e-06
-7.64963e-06
-3.86705e-06
6.9167e-07
1.25318e-06
9.34627e-07
2.59359e-06
4.84304e-06
4.83609e-06
4.25632e-06
4.90454e-06
5.92408e-06
5.73035e-06
5.18002e-06
5.31614e-06
5.65593e-06
5.38111e-06
4.89989e-06
4.77461e-06
4.75186e-06
4.44402e-06
4.02917e-06
3.79357e-06
3.60963e-06
3.31322e-06
2.97016e-06
2.72057e-06
2.50007e-06
2.25107e-06
1.98769e-06
1.77706e-06
1.58533e-06
1.40094e-06
1.21635e-06
1.06319e-06
9.22967e-07
8.01491e-07
6.84133e-07
5.84947e-07
4.94126e-07
4.2247e-07
3.55013e-07
2.96683e-07
2.43104e-07
2.05171e-07
1.70338e-07
1.38754e-07
1.0935e-07
9.14049e-08
7.55255e-08
5.96098e-08
4.43161e-08
3.68581e-08
3.07637e-08
2.32448e-08
1.55806e-08
1.29904e-08
1.13188e-08
7.97994e-09
4.23452e-09
3.60839e-09
3.60104e-09
2.21303e-09
4.19219e-10
4.411e-10
8.65189e-10
3.32419e-10
-5.07562e-10
-3.5062e-10
5.20521e-11
-1.31378e-10
-5.13227e-10
-3.805e-10
-1.08406e-10
-1.61596e-10
-3.28752e-10
-2.46893e-10
-9.18724e-11
-1.02542e-10
-1.72536e-10
-1.2986e-10
-5.15862e-11
-5.12202e-11
-7.90883e-11
-5.95115e-11
-2.38414e-11
-2.19723e-11
-3.24109e-11
-2.44366e-11
-9.71341e-12
-8.40731e-12
-1.19857e-11
-9.12781e-12
-3.66894e-12
-2.97724e-12
-4.01073e-12
-3.13255e-12
-1.36686e-12
-1.03256e-12
-1.21254e-12
-9.99806e-13
-5.38731e-13
-3.80453e-13
-3.25585e-13
-2.94324e-13
-2.28531e-13
-1.52012e-13
-7.39594e-14
-7.95289e-14
-9.81833e-14
-6.0838e-14
-3.99049e-15
-1.15503e-14
-3.95543e-14
-2.14638e-14
1.03991e-14
5.16384e-15
-1.48505e-14
-8.21547e-15
7.02991e-15
6.34499e-15
-4.96488e-15
-1.25067e-15
3.58981e-15
5.28355e-15
1.37638e-15
1.51975e-15
1.13088e-15
2.07264e-15
