-6.830592017053586
-3.10585183221721
-2.059975096113908
-2.522922710585995
5.015121125823502
3.07472425743002
-2.480159428713517
-1.835718964823752
-8.765980746277663
1.145595696114218
-6.185645395679423
-3.95966182648068
-0.06786805536354033
-7.70375218899744
4.441190514783671
-1.149358857505505
5.850419286225115
-6.178940843218925
-2.331414499213954
7.303212152461141
5.866385319440725
6.753738786564578
6.242675784161919
2.247163268356889
10.44893379036942
0.8818575833214103
-1.686903580710893
-9.667897965860433
-3.823752297078753
-12.67144031891817
4.966345167927527
0.09119561818890384
0.386526000951725
-14.93505536213061
-1.333844822676339
-11.72298776195062
1.269718909615516
-1.849958272312042
-6.650228774861528
1.766028807925958
1.381887276261863
-3.205300323155437
1.81683684516342
-7.916352101227422
-4.143783667538971
-13.64181379569034
-2.307732023462157
-3.715048465306869
-1.478122259860809
-10.24970096731017
4.951844466280225
-1.055934452169774
2.711317292855413
-1.62354378414591
-1.760317601934193
1.677092404295254
-11.88043104119857
-0.2902956104411051
8.44391887572116
-7.401010113672152
2.235097963333461
-3.743274778414021
1.867673168519052
-6.81410152300129
-1.701059891509325
2.803364939746858
4.60625737079363
0.1233282488487348
0.03963247947672748
3.169790356342748
3.034328496107355
-2.528685964492825
15.38152959548221
2.472374477385617
-0.6273348836639161
3.052958287077267
0.7432320439407002
3.165139863390698
1.412780975887857
-5.390464358517129
7.729948591810989
-0.6532340759324642
-5.675236289584566
-13.12635610246085
4.336582701028491
-3.00721323686088
-10.69937876491494
-1.811721595915416
6.23663281075858
8.940366379027939
-12.96397819824694
11.21285241652254
-6.327025109811193
-6.962583697108883
5.188279001786203
-2.478625200106884
2.695564466703794
4.865091811860626
-1.903347637358226
6.022094555417503
-4.85985288787157
0.7093725316408357
1.814811891017238
-5.038908277726462
2.170943575470213
1.973972030932199
3.438920691925469
-1.868748660044461
1.81320468069878
1.989908849183097
0.9922175444335163
-8.664501446251146
-3.055763621110997
-0.8912884185509358
1.610629498409682
-1.46480718199398
-0.393082753002122
3.671093366329709
-4.860619883667291
-1.257628197656469
4.83515931433799
-1.138912433941999
-6.572248563347182
-3.043834226957649
-2.852940100589228
-1.972648574841906
-10.2379949899718
3.593598314071404
-3.861665517746227
-3.810358567327109
-1.306377342938131
6.863816207055475
8.900028369712578
-14.14231472504101
-0.6808837377916264
4.265394619011279
-2.480365584171989
-12.16608921377488
3.506191645545365
1.396553340031662
1.206168292813588
3.482292417855176
6.409458688063523
-3.003994604880028
1.854615840443963
-7.745380373120035
-4.028426336672748
-6.995062560181768
3.152573065045733
3.512548497367278
-0.437573498608063
6.264162259062971
-5.071644120471999
5.722289503620448
-2.29271524503317
-0.6165868915563332
5.875872750239212
-0.5268172913316069
4.951403728765832
0.8845035917003131
-5.919737793256323
3.675861376087554
-4.764228756996082
2.436810840709428
-0.1060763770850291
-3.617069225190138
2.523870743649658
-9.28094894922986
-8.438119325114585
7.126021840799435
-0.07093469940214638
7.476223355506666
-2.921044015153602
2.048994493976773
3.68341486722801
1.071574468364436
9.160846937491755
3.074003411263622
-3.777022981044031
-1.499295316850798
1.831244282272895
-1.33038250199434
1.044178944789241
-6.591300433618859
4.56625449805605
5.288366583021339
1.747994439502771
4.370505716152719
1.876560387216798
-6.714342718955418
0.7752295079800576
-4.115549499484567
6.564486256790312
5.123003043768687
2.499810647802984
3.410348328245454
-2.519218169358976
4.291008217566938
-7.01968641353691
-3.447205165126767
6.86834118463476
11.73409515737269
-8.492186958053411
-0.8029022141881681
-2.256270770435561
-3.530438703415061
2.551487274270368
13.80320296052053
-4.890496972752888
0.2222308288346571
-1.892854315454
13.93239610544151
3.892583568656355
-3.742141537791348
-1.413293699196672
-2.067641984256623
-5.53260462765971
-3.194993108696314
-6.581989027024282
7.550538772895066
-2.388706310354372
2.408918788172929
-0.1840173875043451
-4.946536253870129
3.022678350967837
-0.8000334672478809
-0.7856632002530869
-9.078447308174313
-0.3926068640809899
6.920914977918135
3.148005958495823
-4.99097885332357
-0.6015824169935635
-4.801459103691942
0.05441904300072534
-2.1285256331852
-3.575145109390777
0.03357365352955227
-5.941499939887541
1.910005829467278
-1.666975460431523
2.133948038207789
-7.064651492604231
-3.545504250589127
0.1728491587651323
7.375920003550145
-3.883926534249996
-0.7289013444240611
-4.221833027324537
10.66692661166007
1.751444457778146
-4.85888389773521
-4.20100988664754
4.736826391325828
-2.176228560246301
-6.431030306025271
-6.261663498933836
3.565811853335505
-11.97928999864431
-0.7972289627509813
-10.16427144497887
-4.914953825874989
-0.9918428246846789
1.152769973083085
1.376636649244061
4.684100411989284
4.807025952778865
0.8236475155347112
7.538637927493493
15.10245853006372
-3.71037986561244
8.270802553263342
-2.091522355740443
-3.062950451189958
0.3640874511584666
-7.336700927403852
-12.27040627029478
-17.41180230870907
-24.45628914462601
-24.70381883268244
-11.76912359708336
-0.7275076011945105
19.08377493657226
36.72420751911275
54.93706549365263
50.37512213511372
64.95746144378606
38.90898913851409
29.65943552642409
-7.697665287353148
-51.81981691049613
-86.98473591232941
-120.859902642654
-146.1011164749422
-129.3675074100274
-119.5524990167324
-72.84632884567957
-15.35720811635254
50.94004582070043
111.8344948265285
157.6184894581888
194.3148341575006
205.028430706165
195.9336266547217
158.6012614019186
113.9852671682752
63.74582874763112
-6.371313673521433
-64.59577603338366
-114.9724990652166
-156.6180385299578
-175.9767247004222
-194.1988658672558
-196.326190601547
-170.595316144616
-152.1245540579596
-115.7509501210511
-70.19730550232934
-34.03295138692605
27.06229783897916
65.64306513699999
106.1276953668779
142.9698651167108
164.9192875316846
171.4424930129515
170.8337348052711
154.6695687901838
128.9077805599016
96.67942575844405
77.13308018956359
34.22968720426655
4.040365874462054
-31.59229150987113
-63.21028027335375
-81.10859736482792
-98.20748047380417
-123.8700954481504
-118.0889177536767
-116.5336675015998
-119.8923586895465
-109.9014351318818
-93.11187986329874
-85.55125575498631
-68.05291555495833
-41.14990803535884
-21.49405767585587
-1.901469221315331
31.92382737469974
52.20535627327938
56.41186519593046
74.78634994834
82.46389689232639
103.6319288801122
98.91100829654428
98.41215826697274
101.9166714818493
100.3822751426209
86.36294555609842
76.27741267163894
48.77170334100012
35.87821236535758
11.71200866699906
-11.42688140902501
-29.8598973219
-53.48813842610186
-61.22163144521041
-79.27066630425577
-82.02893546724594
-84.53824675880611
-79.56345356717792
-81.84522235379107
-74.74865376694235
-60.62341572199801
-58.82311312462174
-45.85889106944429
-41.73100757855426
-27.16627100741147
-15.87462461873509
-4.838642560657199
17.39364028287678
26.1809315391597
32.15853577053988
43.96337284733536
49.04932154387965
63.80231969532817
56.67924781820325
74.69849061432302
77.93641092169437
70.98006618128555
58.57547225359527
62.51451099635482
52.79964799032848
38.65099414376009
38.41959930498992
19.28693579711522
5.576950203085122
-7.678909371445823
-15.45921061868471
-26.70488592207107
-37.89717540219966
-44.72870145563189
-56.41199839513194
-51.94362226291495
-54.79990764745311
-54.47685180658846
-45.74876712323831
-45.2995971783545
-43.59276618890671
-30.35380676200499
-24.44063460665626
-15.88046185180976
-11.02676466917184
4.958866354393209
-3.774745353940291
-5.254546695452537
6.227944621824955
6.770827598433414
9.818994787748561
10.43209895774306
5.938723748422009
9.506566642159902
7.392141698728693
2.790432220251376
8.042222640966953
7.616573110068524
18.99108914307565
2.670905427235628
6.732943224522766
11.20808302749026
14.35795165370694
17.2849078909313
11.51162625081265
17.62298937820983
13.02494612890214
14.48601358637072
12.51024927247051
19.19613116255327
15.01571455987693
23.85651576939807
8.737413988146235
18.35206925776064
13.90976185831168
4.687197611461051
6.412968006958137
1.062285421257488
6.964542048781892
-5.328396648254113
-9.315412883591996
-6.194700465971372
-18.59801831492021
-11.06375161541751
-20.43530337972432
-30.95403421271755
-26.06093140538546
-33.65627076140207
-25.87749042058703
-31.4914396781461
-25.73798057219895
-31.42404543951375
-41.41273037277594
-29.00065506377452
-30.24462764764328
-23.13356441664357
-20.02520112614634
-11.28944094077141
-5.934849739691275
0.8462016548576354
-3.971979674438785
0.3302179599004633
10.06392346853789
11.69874016479742
6.789004525969534
18.47678565955185
24.88522027017036
23.09244290507051
32.78593931254907
33.31816375936894
32.69056628029258
41.46584499205709
26.42163964180159
33.84059630605741
39.18426824492041
40.20920774412629
34.38010117241296
32.67681182005262
36.57724885781074
30.83261539173098
23.35855622500326
12.2006874762573
14.38192155284057
2.345155427528329
-1.254625771442435
-9.124268647867257
-14.07673450036108
-11.91446416957239
-30.20163901386046
-28.85947248494609
-27.50473485122227
-37.54679798911283
-41.57430681960619
-41.21197745284391
-37.21764039928638
-31.66580035420721
-33.69116171751117
-39.06635861632017
-30.09050233989491
-38.48496804979284
-28.16442582677323
-25.91737709657255
-29.42231051372035
-13.91430869468086
-15.45338268949525
-15.47982118831214
-9.097510729978247
-1.231957484183019
0.95369565393929
14.75157585846061
22.2795411736093
20.51929253696601
22.56743469522007
32.53717236380815
50.85726274081853
38.76850637533111
43.40234909794504
40.21892683248568
40.49399846571283
48.07653977798185
44.17054119890874
29.11656725875028
37.11415211372145
36.56172672679453
20.90490618716642
22.61138108263849
21.25288355975256
19.18132212840722
10.75598718440364
3.638556905638622
-3.338793447018158
2.105332627932293
-8.21998567485449
-16.55569549297258
-21.86929065307823
-18.24881053327521
-26.22561383786192
-28.21715354363738
-39.08357209150141
-27.67116989997079
-47.91483552684625
-39.69906709851104
-44.24500147570971
-32.95097945939953
-38.79522080213047
-38.20180918854725
-33.14163831927622
-26.41364454230629
-34.43919596694922
-32.42957769193126
-34.25548740212251
-22.48442917581068
-2.524486341260408
-6.528454868422647
-6.947884858367988
3.961823183187342
0.817122844779723
19.67097346855206
17.36014330502699
23.88581845076949
35.77882918112736
32.21630991460717
40.26267727916407
30.65221994013255
35.69396521613029
41.80836822710886
37.96429560829402
31.31481670649392
33.51347307653579
26.55242759910636
27.97779020815447
28.31030132268903
23.69897432520935
18.42639187417905
25.74171286338738
16.34089658101709
15.74889265804028
10.23743238829649
2.979635306334283
1.076147455896478
-0.537921209701925
-5.162106643363233
-12.1729442324987
-25.11656502278506
-23.76953954005715
-17.03288277589851
-24.12219190922635
-21.96433911289304
-35.12194463692591
-26.79577650586081
-28.96961682027252
-29.44163030737625
-32.69723455908792
-25.76759364108409
-19.55608852972794
-15.95690711906935
-20.65459540707723
-17.32639107070998
-22.21558441153828
-18.77731230216767
-21.78316166882386
-11.07953465217924
-6.966077895723116
-5.695681485483451
-3.090310311872572
-7.027187316211927
-2.541137958837733
1.395665344218039
7.631690153420863
11.75133867457558
13.29062197230603
27.37402576908383
12.07288062770482
15.98050486795524
28.94741367007375
21.47917839789288
13.32036021709639
14.39976755370188
28.65390537793628
19.52458880731455
29.27063465470287
21.04004374368199
0.6581147303540025
14.75751090533407
13.59236905370483
5.548879154824781
7.545920552654009
12.23258714222066
11.3636724723004
7.111725866424514
1.581859727267892
0.02856734762665547
-6.293361333546841
-1.169768989985874
-14.16843785246104
-5.064769030513142
-4.422767665426386
-9.682008087185896
-5.580176258751282
-6.380492896120776
-13.17102417259298
-10.84968969486258
-13.06754396287317
-14.90572188204002
-22.8393601970816
-7.665835542516888
-15.51617402987068
-16.90863674502761
-14.00074372621465
-10.29064614587673
-3.861999058280582
-2.166047779854188
-8.231065087956832
-5.677482762549361
-7.711819354731325
-8.946600459016171
2.558999002995352
-1.167617894301546
7.029993394424567
4.288760093893421
6.816061423229096
4.316171455626235
3.906176895432548
4.56926237429639
13.05692263159696
3.962898643543127
7.065414710453054
9.249635592184198
-4.216473681013333
1.916672778496874
2.257676024752679
1.418267507121861
7.36023056099487
2.581232534912057
-4.318647623300409
-1.327607118432057
0.4756801842434175
-2.774124412053537
0.4630424158811461
0.4416189912960764
-5.282893455430603
-3.063557472053583
2.632002920818354
-3.698485229438186
3.232702750716727
0.8264287716283607
-1.6424374588776
-1.546123017942033
-0.7395415286742066
-7.495537801498803
-0.6911720053179882
-1.660686601631075
-4.657775953834218
-0.007796364728394511
-4.282121820852739
0.08351644296021199
-3.32517614634168
-1.963435598934965
-5.844366414014015
-6.699359666612952
-3.80496732971729
-7.707718602491193
-4.333891263679432
-5.626395480280375
7.842878145997423
-3.847070623876691
8.405528198730913
3.786532183059631
2.676569285529234
-10.16650776910468
0.3259683385032044
7.182268093835614
14.09346223352064
-0.04513995549498739
4.967989586715017
1.339606071187705
-2.66963506466863
9.813876294184256
5.868061490466786
-4.219396428690473
0.0007940909844084132
-6.534273456353037
6.14861208395806
4.65190819723977
-7.447689771302138
0.07444055659800741
2.15981874148618
-2.121923083403531
4.980683907923199
6.887638291085686
4.665726992357546
2.864733078655116
0.7691625885471691
-0.208454367192708
-2.890122456367115
2.896145254848367
-4.157132902847271
2.285106077299343
-1.596078631827035
-7.434669429841608
1.449152319291899
1.691022738112351
5.651336341425937
2.918729819564833
-2.464826629584022
0.7101869632032687
-4.390456371255745
-4.499330689262125
-1.564378172721259
-5.034695704335736
7.226129651998379
-7.478254932330704
-7.144037038274682
1.176222837691105
9.381282867389276
3.021059514834114
-0.6186729404119797
10.00220792969496
3.170432105385197
4.291285740081713
7.612212808838326
-1.195757358213054
-3.751842700465644
1.021980547394209
-0.7831489317355027
0.1424418749344327
6.663273211075203
-2.618973236620065
-4.890584590812023
-0.4373912228915213
-3.238380418252084
-3.308543750607406
-1.879445297261788
-4.938586271843819
0.3761626950327474
-0.2032607626962507
0.9329582829527789
3.386176285992436
1.865977252602213
-6.48707215386871
-5.84536777702495
-1.089979592894105
9.444472906986123
-1.70420187146461
-0.6911934490109062
-1.338754406505007
-4.277320250086833
8.875896456823158
6.093071283276166
-2.750049457068594
-3.487535204486969
-0.9625777413713557
6.529147016430215
-1.259359637883259
-8.298106222187604
4.193312204916733
4.662627015247407
-1.236298705228692
-6.157436305517868
-2.654285495817315
-0.5173519632884489
9.571908820569929
4.502466117556524
2.155207175005248
2.562876694938213
2.168190704651772
2.133638846940828
2.619561812364193
0.543748535826416
0.9483691362908566
2.592462383604305
3.326427051488031
4.25349220342745
-0.04170059095299457
-4.369505312855686
6.1169284515889
2.077128067027514
-5.406512544939762
0.9212575533370864
-2.610767241589977
-2.558218352670953
3.62536438393513
0.7496462240778634
5.50771089351133
-0.1785485344296766
3.99676513758412
-9.933114543984136
-2.159037559614132
-5.085566806056089
-0.7736021286585937
0.8865349163444459
4.091266175968596
-3.95002199721713
4.797769753256473
2.759992207678814
-2.392737080130521
-2.680855861563609
-2.530073478920496
2.724436753267981
-5.780997628863425
-2.716175235430731
0.9965993938421885
0.3680347854952891
-4.355377925781883
-5.89068479783973
5.83958352092331
-1.52254652960579
-3.492831635628233
11.56475398527338
-2.559598992252686
-1.213865320857595
1.094519237419433
-1.195433202722837
6.364939181311159
2.206960631513371
-11.87800993329973
-0.7412920844575658
3.958285750051714
3.463425625391388
-3.796834125652047
-2.453243057323927
5.230767602823629
1.240762211627155
4.865805825664122
6.062412721575932
-3.820766966820681
0.3356108865168124
-3.250787391047894
2.80905722640954
0.2435067230534256
6.004691771617377
-2.934851181009597
-2.89022928498265
1.064354943718562
1.170891547720836
-2.867291312464998
-5.324497745288011
-6.22309540776537
-10.12849069015173
7.685782083665385
-10.01005430065822
-2.194483142615008
0.1492138539077363
7.017869886893099
-5.276612590870116
-0.6498585752544971
-9.935955832949769
0.5480724584750303
1.740972182437174
-3.120482194094692
4.758871567216646
-1.071648468855573
3.238937691778947
-1.037598125425955
6.983598848798501
-2.745085697540867
-1.638707318768233
-0.6789034907074426
-0.5526318518168655
9.517847421972256
-11.40101261742451
-6.193549576570172
-1.789462297185138
1.53729715075269
-3.230239429728509
-1.845350018355111
-2.530031891409064
-0.501715613476998
-5.361537995748423
-9.268340230260108
5.327128998601514
-2.862364255400528
-3.126274773415413
4.078947279375978
-3.376586291839282
-4.120553221204173
12.41850185195123
1.361698253493626
-0.7215779082261002
-4.433778472384888
5.199366118607694
-3.469345369182958
-4.214887685440943
3.170208761630574
-4.794730923533141
3.015351425020356
-2.822234126630482
2.439573740374833
2.022585016615701
-3.376081870750961
-2.916285089525641
0.008849035610763089
-1.974529116973513
-4.228485484776356
-5.643193406259774
-4.465011844909546
3.04135776065946
-2.702673682567068
1.950177578621804
1.741948441856428
-2.580556943348772
-11.32813188272602
5.32650024513425
2.481094964389152
-3.504567324958101
1.073709022135301
4.210931424750112
2.319725682928726
2.999347280049842
0.7227022018638822
-6.732754555001909
3.97744546477439
-3.505735263172433
-3.227332077028882
0.3754809486803547
-7.127948642922148
8.234307950760231
4.778860796495707
1.63998122760543
9.549534833467565
-1.725204049460525
-3.25168191849209
5.039043752451671
-1.394913275048713
-7.401497057483816
-6.103619204594029
6.744182978948504
-0.8406052167279212
3.821548774648446
3.556068375309284
-8.70957207878752
0.2802193962026051
-2.068180625924743
-5.903006208497072
-1.304740696243222
4.748885609247792
-0.2610616340342677
2.451029016327124
6.28919450008578
0.5619743388994516
3.920689528784763
-2.909234121443969
-4.282511662976399
-6.69010640760519
3.230429745683446
1.757967008834288
3.356549784723411
0.9387829982380057
9.989408551923704
2.564762345007535
2.413573439343487
-1.524814789035606
0.02392710993265592
-3.823988969075547
4.009313015285492
4.312655280590992
10.95936195709796
2.030275265244753
-10.13972777529006
-8.58334015426164
8.332332620926287
-0.4501887187122199
2.049163732631552
0.3697454587318216
-0.4185686364756597
-1.541000727806681
2.591444393772597
-10.46368833543863
-2.2272126242229
2.825957848903593
-8.899508196577745
0.7028230038372797
7.935663605060435
-0.08641067805675798
-5.510912148356355
0.1758956124991538
-4.79480050365891
