1.22775e-15
-3.51939e-16
3.30919e-16
4.22602e-16
-1.32658e-15
-2.42489e-17
-2.75764e-15
1.7729e-15
-2.94316e-15
3.66723e-15
-1.82499e-15
9.14993e-15
-1.66592e-15
1.67902e-14
1.16861e-14
2.17274e-14
5.88093e-14
-2.08195e-15
2.05405e-13
-1.46015e-13
5.9427e-13
-6.69763e-13
1.55254e-12
-2.22121e-12
3.70776e-12
-6.32836e-12
8.27593e-12
-1.63247e-11
1.73631e-11
-3.8967e-11
3.41545e-11
-8.67597e-11
6.23832e-11
-1.80482e-10
1.03934e-10
-3.50223e-10
1.53405e-10
-6.31932e-10
1.89836e-10
-1.0565e-09
1.68436e-10
-1.62917e-09
2.04466e-11
-2.30452e-09
-3.33439e-10
-2.96078e-09
-9.6935e-10
-3.37566e-09
-1.96178e-09
-3.16959e-09
-3.51065e-09
-1.62784e-09
-6.1687e-09
2.78658e-09
-1.12966e-08
1.35819e-08
-2.16998e-08
3.83181e-08
-4.20446e-08
9.2038e-08
-7.87535e-08
2.01731e-07
-1.37969e-07
4.1047e-07
-2.20289e-07
7.78129e-07
-3.11013e-07
1.37411e-06
-3.67585e-07
2.25769e-06
-3.11742e-07
3.44637e-06
-3.39403e-08
4.87832e-06
5.74831e-07
6.38581e-06
1.57405e-06
7.70862e-06
2.92614e-06
8.53374e-06
4.45439e-06
8.63417e-06
5.91463e-06
7.92581e-06
7.04636e-06
6.54932e-06
7.75083e-06
4.87461e-06
7.93185e-06
3.34859e-06
7.80076e-06
2.25877e-06
7.5547e-06
1.64132e-06
6.94469e-06
1.09314e-06
5.79638e-06
2.39855e-09
3.8376e-06
-1.94461e-06
9.63069e-07
-4.40914e-06
-1.34786e-06
-6.79506e-06
-3.16642e-06
-7.87059e-06
-2.29525e-06
-5.33288e-06
1.23469e-07
-3.50148e-06
2.5823e-06
-6.59231e-06
-9.22057e-06
-2.06035e-05
-2.54086e-05
-4.89357e-05
-5.68082e-05
-7.31398e-05
-9.08061e-05
-9.3692e-05
-9.8698e-05
-8.45293e-05
-7.45224e-05
-4.64243e-05
-2.24778e-05
2.07243e-05
5.43769e-05
8.00712e-05
0.000102769
0.000113988
0.000112261
9.36482e-05
8.1906e-05
4.86823e-05
1.83696e-05
-1.48757e-05
-3.34452e-05
-5.11769e-05
-5.41209e-05
-5.3316e-05
-4.60347e-05
-2.63981e-05
-8.3195e-06
6.17383e-06
2.6806e-05
4.00516e-05
4.20485e-05
5.12362e-05
4.87352e-05
4.6589e-05
3.84527e-05
3.40594e-05
2.15468e-05
1.84403e-05
5.74512e-06
5.42511e-06
-4.06233e-06
-2.14202e-06
-9.21055e-06
-5.51284e-06
-1.04915e-05
-5.91806e-06
-9.99664e-06
-4.98333e-06
-9.17179e-06
-3.96214e-06
-8.75851e-06
-3.43826e-06
-9.0422e-06
-3.58222e-06
-9.52758e-06
-4.21058e-06
-9.63608e-06
-4.95563e-06
-9.05089e-06
-5.57829e-06
-7.60085e-06
-5.92188e-06
-5.50842e-06
-5.94764e-06
-3.18556e-06
-5.66441e-06
-1.07695e-06
-5.1448e-06
4.9986e-07
-4.44723e-06
1.42162e-06
-3.64538e-06
1.74905e-06
-2.81996e-06
1.65511e-06
-2.04895e-06
1.33801e-06
-1.39336e-06
9.60959e-07
-8.84524e-07
6.24965e-07
-5.23132e-07
3.72284e-07
-2.87614e-07
2.04915e-07
-1.46388e-07
1.05174e-07
-6.83302e-08
5.09519e-08
-2.85588e-08
2.36422e-08
-9.9423e-09
1.06188e-08
-2.01955e-09
4.51027e-09
9.65299e-10
1.56061e-09
1.8551e-09
9.1578e-11
1.92021e-09
-6.03433e-10
1.67616e-09
-8.41182e-10
1.32876e-09
-8.11008e-10
9.72386e-10
-6.51342e-10
6.58424e-10
-4.59647e-10
4.12617e-10
-2.91826e-10
2.39445e-10
-1.68891e-10
1.28826e-10
-8.98419e-11
6.43447e-11
-4.41517e-11
2.98458e-11
-2.00842e-11
1.28269e-11
-8.43268e-12
5.06591e-12
-3.23171e-12
1.79969e-12
-1.09574e-12
5.43298e-13
-3.04913e-13
1.15929e-13
-4.76285e-14
-3.29275e-15
1.27886e-14
-2.1881e-14
1.89542e-14
-1.77678e-14
1.22821e-14
-1.15567e-14
9.12069e-15
-3.66366e-15
3.5485e-15
-1.28242e-15
1.32923e-15
5.42622e-15
1.26505e-14
2.48988e-14
4.47434e-14
5.25348e-14
-3.33763e-14
-4.59207e-13
-1.90283e-12
-6.00597e-12
-1.64458e-11
-4.07789e-11
-9.32253e-11
-1.97719e-10
-3.89423e-10
-7.10836e-10
-1.19788e-09
-1.85349e-09
-2.61289e-09
-3.31192e-09
-3.6655e-09
-3.23249e-09
-1.26076e-09
3.80862e-09
1.55578e-08
4.20383e-08
9.9836e-08
2.1968e-07
4.51836e-07
8.67064e-07
1.54649e-06
2.55407e-06
3.89089e-06
5.44153e-06
6.93636e-06
7.96061e-06
8.03847e-06
6.79623e-06
4.17699e-06
6.07398e-07
-3.04114e-06
-5.73018e-06
-6.92641e-06
-7.16846e-06
-8.41018e-06
-1.42094e-05
-2.82848e-05
-5.337e-05
-8.84617e-05
-0.000123825
-0.000135168
-8.115e-05
8.9095e-05
0.00040306
0.000795869
0.00109382
0.00103954
0.000368579
-0.000914934
-0.00241138
-0.00336098
-0.00305332
-0.00122838
0.00149688
0.00392147
0.00483306
0.00376694
0.00126582
-0.00142344
-0.00312765
-0.00332369
-0.00229459
-0.000795575
0.000441194
0.00106095
0.00109402
0.000775212
0.000385601
8.7276e-05
-7.23849e-05
-0.000120882
-0.000106859
-7.11858e-05
-3.69683e-05
-1.34798e-05
-1.79128e-06
8.39944e-07
-1.59986e-06
-5.55194e-06
-8.58547e-06
-9.70535e-06
-9.04776e-06
-7.32237e-06
-5.28556e-06
-3.45706e-06
-2.06557e-06
-1.13131e-06
-5.68201e-07
-2.62101e-07
-1.11957e-07
-4.49926e-08
-1.68376e-08
-4.695e-09
1.08381e-09
3.85336e-09
4.76696e-09
4.48036e-09
3.58123e-09
2.53441e-09
1.61948e-09
9.43965e-10
5.04345e-10
2.47096e-10
1.10669e-10
4.48965e-11
1.61585e-11
4.89109e-12
1.02878e-12
-4.04948e-14
-2.07701e-13
-1.51568e-13
-8.45568e-14
-3.35958e-14
-1.93241e-14
-7.64861e-15
-2.5315e-15
1.73711e-15
2.36763e-15
5.21111e-15
1.76248e-15
8.45331e-15
1.09135e-13
6.09943e-13
1.15481e-12
-8.89623e-12
-9.44477e-11
-5.20954e-10
-1.91628e-09
-3.77428e-09
1.48864e-09
2.37554e-08
3.2801e-08
2.62322e-08
4.6388e-07
2.46069e-06
6.0188e-06
3.7096e-06
-2.19446e-05
-5.74523e-05
-2.51267e-05
-1.1564e-05
-0.000651626
-0.0027824
-0.00500635
0.00108143
0.0252567
0.0428539
-0.0113847
-0.114119
-0.0888734
0.0978667
0.173569
0.0153027
-0.122091
-0.0748265
0.0199159
0.0391289
0.0139487
-0.0026153
-0.00428466
-0.00179315
-0.000305687
-6.362e-06
-4.95215e-05
-4.49722e-05
-8.92152e-06
5.71564e-06
4.552e-06
1.49255e-06
2.23298e-07
3.00374e-08
3.38239e-08
1.32658e-08
-1.77111e-09
-3.08103e-09
-1.25552e-09
-3.11212e-10
-5.13358e-11
-3.52474e-12
9.40566e-13
3.58248e-13
5.24997e-14
0
3.37508e-14
3.37508e-13
4.02611e-12
3.92353e-11
2.50382e-10
8.74713e-10
-4.17367e-10
-2.74876e-08
-2.10488e-07
-1.03236e-06
-3.60491e-06
-8.86895e-06
-1.47755e-05
-1.4235e-05
1.54786e-05
0.000207723
0.00114967
0.00445801
0.0124553
0.0247607
0.0335336
0.0233876
-0.0433074
-0.346676
-1.55638
-5.19202
-12.8122
-22.8195
-27.7814
-19.2416
1.38896
20.9206
27.4677
21.5613
11.8354
4.78159
1.45669
0.334695
0.0423966
-0.0237471
-0.0324802
-0.0231465
-0.0114426
-0.00411279
-0.00108854
-0.000206612
-1.73386e-05
1.3642e-05
1.39613e-05
8.15661e-06
3.30702e-06
9.67768e-07
2.05527e-07
2.93033e-08
1.37087e-09
-6.48856e-10
-2.29274e-10
-4.26288e-11
-5.52935e-12
-6.11955e-13
-6.03961e-14
-2.66454e-15
2.88658e-15
